#{"t_start": 1785424586.211321, "env_id": "None"}
r,l,t
-2.0,1,1.167114
-2.0,1,1.16861
-2.0,1,1.170132
-2.0,1,1.171653
-2.0,1,1.172961
-2.0,1,1.174378
-2.0,1,1.175838
-2.0,1,1.177321
-2.0,1,1.178569
-2.0,1,1.179876
-2.0,1,1.181156
-2.0,1,1.182456
-2.0,1,1.183734
-2.0,1,1.185002
-2.0,1,1.186292
-2.0,1,1.187565
-2.0,1,1.188833
-2.0,1,1.190127
-2.0,1,1.191407
-2.0,1,1.192703
-2.0,1,1.193975
-2.0,1,1.195264
-2.0,1,1.196534
-2.0,1,1.197825
-2.0,1,1.19912
-2.0,1,1.200392
-2.0,1,1.201669
-2.0,1,1.202977
-2.0,1,1.20427
-2.0,1,1.205504
-2.0,1,1.206865
-2.0,1,1.20815
-2.0,1,1.209399
-2.0,1,1.210659
-2.0,1,1.211901
-2.0,1,1.213135
-2.0,1,1.214381
-2.0,1,1.215623
-2.0,1,1.216856
-2.0,1,1.218105
-2.0,1,1.21934
-2.0,1,1.220572
-2.0,1,1.221807
-2.0,1,1.223064
-2.0,1,1.224287
-2.0,1,1.225551
-2.0,1,1.22679
-2.0,1,1.228031
-2.0,1,1.229263
-2.0,1,1.230507
-2.0,1,1.231732
-2.0,1,1.232966
-2.0,1,1.234213
-2.0,1,1.235454
-2.0,1,1.236689
-2.0,1,1.237926
-2.0,1,1.239175
-2.0,1,1.240419
-2.0,1,1.241675
-2.0,1,1.242933
-2.0,1,1.244168
-2.0,1,1.245404
-2.0,1,1.246649
-2.0,1,1.24793
-2.0,1,1.249251
-2.0,1,1.250548
-2.0,1,1.251829
-2.0,1,1.253117
-2.0,1,1.254406
-2.0,1,1.255685
-2.0,1,1.256966
-2.0,1,1.258242
-2.0,1,1.259522
-2.0,1,1.260781
-2.0,1,1.262046
-2.0,1,1.263306
-2.0,1,1.264568
-2.0,1,1.265826
-2.0,1,1.267106
-2.0,1,1.268367
-2.0,1,1.269625
-2.0,1,1.270892
-2.0,1,1.272154
-2.0,1,1.273418
-2.0,1,1.274701
-2.0,1,1.275998
-2.0,1,1.277274
-2.0,1,1.278687
-2.0,1,1.28003
-2.0,1,1.281372
-2.0,1,1.282664
-2.0,1,1.283944
-2.0,1,1.285218
-2.0,1,1.286502
-2.0,1,1.287775
-2.0,1,1.289042
-2.0,1,1.290354
-2.0,1,1.291693
-2.0,1,1.293044
-2.0,1,1.294421
-2.0,1,1.295792
-2.0,1,1.297102
-2.0,1,1.29847
-2.0,1,1.299829
-2.0,1,1.301179
-2.0,1,1.302538
-2.0,1,1.303885
-2.0,1,1.305239
-2.0,1,1.306597
-2.0,1,1.307961
-2.0,1,1.309299
-2.0,1,1.310659
-2.0,1,1.312006
-2.0,1,1.31335
-2.0,1,1.314714
-2.0,1,1.316072
-2.0,1,1.317421
-2.0,1,1.318782
-2.0,1,1.320127
-2.0,1,1.321516
-2.0,1,1.322902
-2.0,1,1.32426
-2.0,1,1.325609
-2.0,1,1.326978
-2.0,1,1.328332
-2.0,1,1.329685
-2.0,1,1.331051
-2.0,1,1.332467
-2.0,1,1.333841
-2.0,1,1.335211
-2.0,1,1.336562
-2.0,1,1.337911
-2.0,1,1.339286
-2.0,1,1.340644
-2.0,1,1.342003
-2.0,1,1.343405
-2.0,1,1.344786
-2.0,1,1.346151
-2.0,1,1.347508
-2.0,1,1.348857
-2.0,1,1.350214
-2.0,1,1.351572
-2.0,1,1.352933
-2.0,1,1.354292
-2.0,1,1.355639
-2.0,1,1.356992
-2.0,1,1.358351
-2.0,1,1.359699
-2.0,1,1.361225
-2.0,1,1.362593
-2.0,1,1.363897
-2.0,1,1.36522
-2.0,1,1.366511
-2.0,1,1.367781
-2.0,1,1.369055
-2.0,1,1.370341
-2.0,1,1.371609
-2.0,1,1.372906
-2.0,1,1.374231
-2.0,1,1.375539
-2.0,1,1.37695
-2.0,1,1.37827
-2.0,1,1.379572
-2.0,1,1.380841
-2.0,1,1.382201
-2.0,1,1.383555
-2.0,1,1.384908
-2.0,1,1.386328
-2.0,1,1.387737
-2.0,1,1.389118
-2.0,1,1.390462
-2.0,1,1.391864
-2.0,1,1.393261
-2.0,1,1.394608
-2.0,1,1.396005
-2.0,1,1.397405
-2.0,1,1.398799
-2.0,1,1.400171
-2.0,1,1.401578
-2.0,1,1.402932
-2.0,1,1.404337
-2.0,1,1.405756
-2.0,1,1.40708
-2.0,1,1.408496
-2.0,1,1.409969
-2.0,1,1.411555
-2.0,1,1.412865
-2.0,1,1.414176
-2.0,1,1.415468
-2.0,1,1.416771
-2.0,1,1.418084
-2.0,1,1.419474
-2.0,1,1.420831
-2.0,1,1.422165
-2.0,1,1.423498
-2.0,1,1.424799
-2.0,1,1.426334
-2.0,1,1.427689
-2.0,1,1.429041
-2.0,1,1.430358
-2.0,1,1.431665
-2.0,1,1.433051
-2.0,1,1.43445
-2.0,1,1.435787
-2.0,1,1.437189
-2.0,1,1.438595
-2.0,1,1.439993
-2.0,1,1.44152
-2.0,1,1.442991
-2.0,1,1.444378
-2.0,1,1.445786
-2.0,1,1.447196
-2.0,1,1.4485
-2.0,1,1.449918
-2.0,1,1.451262
-2.0,1,1.45265
-2.0,1,1.454072
-2.0,1,1.455522
-2.0,1,1.456927
-2.0,1,1.458245
-2.0,1,1.459682
-2.0,1,1.461172
-2.0,1,1.462577
-2.0,1,1.463971
-2.0,1,1.465361
-2.0,1,1.466766
-2.0,1,1.468249
-2.0,1,1.469625
-2.0,1,1.471078
-2.0,1,1.472451
-2.0,1,1.473843
-2.0,1,1.475322
-2.0,1,1.476729
-2.0,1,1.478261
-2.0,1,1.479871
-2.0,1,1.481529
-2.0,1,1.483188
-2.0,1,1.484782
-2.0,1,1.486222
-2.0,1,1.487663
-2.0,1,1.489282
-2.0,1,1.490706
-2.0,1,1.492297
-2.0,1,1.493926
-2.0,1,1.495391
-2.0,1,1.496875
-2.0,1,1.498324
-2.0,1,1.499791
-2.0,1,1.501289
-2.0,1,1.502995
-2.0,1,1.504511
-2.0,1,1.506221
-2.0,1,1.50769
-2.0,1,1.509156
-2.0,1,1.510687
-2.0,1,1.512179
-2.0,1,1.513651
-2.0,1,1.515193
-2.0,1,1.51665
-2.0,1,1.518115
-2.0,1,1.519635
-2.0,1,1.521123
-2.0,1,1.522763
-2.0,1,1.524231
-2.0,1,1.525871
-2.0,1,1.527411
-2.0,1,1.52894
-2.0,1,1.530494
-2.0,1,1.532189
-2.0,1,1.533883
-2.0,1,1.535585
-2.0,1,1.537286
-2.0,1,1.538867
-2.0,1,1.540343
-2.0,1,1.541881
-2.0,1,1.543391
-2.0,1,1.544922
-2.0,1,1.546417
-2.0,1,1.548112
-2.0,1,1.549653
-2.0,1,1.551172
-2.0,1,1.552672
-2.0,1,1.554189
-2.0,1,1.555684
-2.0,1,1.557198
-2.0,1,1.558914
-2.0,1,1.560604
-2.0,1,1.562134
-2.0,1,1.563654
-2.0,1,1.565174
-2.0,1,1.566976
-2.0,1,1.568465
-2.0,1,1.569973
-2.0,1,1.571495
-2.0,1,1.573011
-2.0,1,1.574531
-2.0,1,1.576047
-2.0,1,1.577567
-2.0,1,1.579092
-2.0,1,1.580605
-2.0,1,1.582125
-2.0,1,1.583648
-2.0,1,1.585154
-2.0,1,1.586678
-2.0,1,1.588184
-2.0,1,1.589697
-2.0,1,1.591228
-2.0,1,1.592927
-2.0,1,1.59462
-2.0,1,1.59614
-2.0,1,1.597659
-2.0,1,1.599371
-2.0,1,1.600887
-2.0,1,1.60248
-2.0,1,1.604029
-2.0,1,1.605527
-2.0,1,1.607052
-2.0,1,1.608598
-2.0,1,1.610102
-2.0,1,1.611607
-2.0,1,1.613108
-2.0,1,1.614627
-2.0,1,1.616144
-2.0,1,1.61765
-2.0,1,1.619175
-2.0,1,1.620686
-2.0,1,1.622216
-2.0,1,1.623733
-2.0,1,1.625245
-2.0,1,1.626767
-2.0,1,1.628269
-2.0,1,1.629789
-2.0,1,1.631303
-2.0,1,1.632809
-2.0,1,1.634341
-2.0,1,1.63586
-2.0,1,1.63737
-2.0,1,1.638897
-2.0,1,1.640403
-2.0,1,1.641921
-2.0,1,1.643456
-2.0,1,1.644976
-2.0,1,1.646497
-2.0,1,1.648022
-2.0,1,1.649536
-2.0,1,1.651056
-2.0,1,1.65257
-2.0,1,1.654097
-2.0,1,1.65561
-2.0,1,1.657125
-2.0,1,1.658657
-2.0,1,1.660175
-2.0,1,1.661683
-2.0,1,1.663206
-2.0,1,1.66472
-2.0,1,1.666242
-2.0,1,1.66766
-2.0,1,1.669067
-2.0,1,1.670475
-2.0,1,1.671874
-2.0,1,1.673286
-2.0,1,1.674774
-2.0,1,1.676311
-2.0,1,1.678344
-2.0,1,1.679936
-2.0,1,1.681634
-2.0,1,1.683097
-2.0,1,1.684512
-2.0,1,1.686012
-2.0,1,1.688053
-2.0,1,1.689542
-2.0,1,1.691391
-2.0,1,1.694318
-2.0,1,1.696934
-2.0,1,1.699876
-2.0,1,1.701452
-2.0,1,1.703122
-2.0,1,1.704645
-2.0,1,1.70658
-2.0,1,1.708301
-2.0,1,1.70982
-2.0,1,1.711284
-2.0,1,1.712712
-2.0,1,1.714126
-2.0,1,1.715546
-2.0,1,1.716953
-2.0,1,1.718376
-2.0,1,1.719788
-2.0,1,1.721203
-2.0,1,1.722618
-2.0,1,1.724111
-2.0,1,1.725721
-2.0,1,1.727332
-2.0,1,1.728842
-2.0,1,1.730367
-2.0,1,1.731854
-2.0,1,1.733344
-2.0,1,1.734873
-2.0,1,1.736362
-2.0,1,1.737858
-2.0,1,1.739374
-2.0,1,1.740876
-2.0,1,1.742415
-2.0,1,1.743995
-2.0,1,1.745486
-2.0,1,1.746993
-2.0,1,1.748483
-2.0,1,1.749981
-2.0,1,1.751484
-2.0,1,1.752975
-2.0,1,1.754478
-2.0,1,1.755969
-2.0,1,1.75746
-2.0,1,1.758993
-2.0,1,1.760499
-2.0,1,1.761991
-2.0,1,1.763503
-2.0,1,1.765023
-2.0,1,1.766577
-2.0,1,1.768076
-2.0,1,1.769566
-2.0,1,1.771073
-2.0,1,1.772571
-2.0,1,1.774071
-2.0,1,1.775644
-2.0,1,1.777149
-2.0,1,1.77868
-2.0,1,1.780157
-2.0,1,1.781654
-2.0,1,1.783158
-2.0,1,1.784641
-2.0,1,1.78616
-2.0,1,1.787652
-2.0,1,1.789148
-2.0,1,1.790663
-2.0,1,1.792222
-2.0,1,1.793789
-2.0,1,1.795301
-2.0,1,1.796788
-2.0,1,1.7983
-2.0,1,1.799807
-2.0,1,1.801297
-2.0,1,1.802874
-2.0,1,1.804357
-2.0,1,1.805856
-2.0,1,1.807364
-2.0,1,1.808907
-2.0,1,1.81041
-2.0,1,1.811903
-2.0,1,1.813408
-2.0,1,1.814911
-2.0,1,1.816413
-2.0,1,1.817918
-2.0,1,1.819427
-2.0,1,1.82092
-2.0,1,1.822426
-2.0,1,1.82393
-2.0,1,1.825469
-2.0,1,1.826979
-2.0,1,1.828479
-2.0,1,1.829967
-2.0,1,1.831471
-2.0,1,1.832968
-2.0,1,1.834473
-2.0,1,1.835964
-2.0,1,1.83749
-2.0,1,1.839
-2.0,1,1.840538
-2.0,1,1.842141
-2.0,1,1.843648
-2.0,1,1.845135
-2.0,1,1.846694
-2.0,1,1.848206
-2.0,1,1.849693
-2.0,1,1.851197
-2.0,1,1.85269
-2.0,1,1.854192
-2.0,1,1.855695
-2.0,1,1.857184
-2.0,1,1.858713
-2.0,1,1.860209
-2.0,1,1.861759
-2.0,1,1.863266
-2.0,1,1.864762
-2.0,1,1.866274
-2.0,1,1.867775
-2.0,1,1.86926
-2.0,1,1.870768
-2.0,1,1.872271
-2.0,1,1.873765
-2.0,1,1.875281
-2.0,1,1.876783
-2.0,1,1.878315
-2.0,1,1.879926
-2.0,1,1.881381
-2.0,1,1.882858
-2.0,1,1.88426
-2.0,1,1.88568
-2.0,1,1.887088
-2.0,1,1.888494
-2.0,1,1.889893
-2.0,1,1.891339
-2.0,1,1.892753
-2.0,1,1.894194
-2.0,1,1.8956
-2.0,1,1.897014
-2.0,1,1.898463
-2.0,1,1.899944
-2.0,1,1.901352
-2.0,1,1.902778
-2.0,1,1.904205
-2.0,1,1.905606
-2.0,1,1.907026
-2.0,1,1.908437
-2.0,1,1.909863
-2.0,1,1.911354
-2.0,1,1.91292
-2.0,1,1.914503
-2.0,1,1.916075
-2.0,1,1.917631
-2.0,1,1.919193
-2.0,1,1.92075
-2.0,1,1.922331
-2.0,1,1.923876
-2.0,1,1.925426
-2.0,1,1.927014
-2.0,1,1.928572
-2.0,1,1.930138
-2.0,1,1.931686
-2.0,1,1.933234
-2.0,1,1.934797
-2.0,1,1.936347
-2.0,1,1.937889
-2.0,1,1.939457
-2.0,1,1.94101
-2.0,1,1.942585
-2.0,1,1.944141
-2.0,1,1.945686
-2.0,1,1.94726
-2.0,1,1.948811
-2.0,1,1.950372
-2.0,1,1.951925
-2.0,1,1.953482
-2.0,1,1.955035
-2.0,1,1.956584
-2.0,1,1.958147
-2.0,1,1.959702
-2.0,1,1.961246
-2.0,1,1.962805
-2.0,1,1.964365
-2.0,1,1.965924
-2.0,1,1.967485
-2.0,1,1.96903
-2.0,1,1.970601
-2.0,1,1.972155
-2.0,1,1.973702
-2.0,1,1.975209
-2.0,1,1.976787
-2.0,1,1.978328
-2.0,1,1.979838
-2.0,1,1.981392
-2.0,1,1.982968
-2.0,1,1.984527
-2.0,1,1.986088
-2.0,1,1.987628
-2.0,1,1.989193
-2.0,1,1.990754
-2.0,1,1.9923
-2.0,1,1.993852
-2.0,1,1.995402
-2.0,1,1.996955
-2.0,1,1.998515
-2.0,1,2.000066
-2.0,1,2.00161
-2.0,1,2.003175
-2.0,1,2.004727
-2.0,1,2.006291
-2.0,1,2.007843
-2.0,1,2.009397
-2.0,1,2.010971
-2.0,1,2.012526
-2.0,1,2.014089
-2.0,1,2.015643
-2.0,1,2.017194
-2.0,1,2.018758
-2.0,1,2.020307
-2.0,1,2.021863
-2.0,1,2.023438
-2.0,1,2.025016
-2.0,1,2.026549
-2.0,1,2.028103
-2.0,1,2.029653
-2.0,1,2.031213
-2.0,1,2.032768
-2.0,1,2.03433
-2.0,1,2.035887
-2.0,1,2.037439
-2.0,1,2.039001
-2.0,1,2.040552
-2.0,1,2.042114
-2.0,1,2.043597
-2.0,1,2.045117
-2.0,1,2.046623
-2.0,1,2.048078
-2.0,1,2.049527
-2.0,1,2.050984
-2.0,1,2.052487
-2.0,1,2.05391
-2.0,1,2.055706
-2.0,1,2.057362
-2.0,1,2.05895
-2.0,1,2.060413
-2.0,1,2.061858
-2.0,1,2.063312
-2.0,1,2.064749
-2.0,1,2.06621
-2.0,1,2.06766
-2.0,1,2.069107
-2.0,1,2.070573
-2.0,1,2.072009
-2.0,1,2.073455
-2.0,1,2.074982
-2.0,1,2.076497
-2.0,1,2.078042
-2.0,1,2.079602
-2.0,1,2.08116
-2.0,1,2.0827
-2.0,1,2.084234
-2.0,1,2.085718
-2.0,1,2.087256
-2.0,1,2.088794
-2.0,1,2.090603
-2.0,1,2.092592
-2.0,1,2.095332
-2.0,1,2.097437
-2.0,1,2.099927
-2.0,1,2.101942
-2.0,1,2.104556
-2.0,1,2.106358
-2.0,1,2.108633
-2.0,1,2.110919
-2.0,1,2.112717
-2.0,1,2.114686
-2.0,1,2.116955
-2.0,1,2.119033
-2.0,1,2.120957
-2.0,1,2.122954
-2.0,1,2.125084
-2.0,1,2.128271
-2.0,1,2.131059
-2.0,1,2.178638
-2.0,1,2.184514
-2.0,1,2.194079
-2.0,1,2.197687
-2.0,1,2.199633
-2.0,1,2.201949
-2.0,1,2.20414
-2.0,1,2.206206
-2.0,1,2.208291
-2.0,1,2.210608
-2.0,1,2.214203
-2.0,1,2.216585
-2.0,1,2.219234
-2.0,1,2.221127
-2.0,1,2.223067
-2.0,1,2.224993
-2.0,1,2.226921
-2.0,1,2.228837
-2.0,1,2.230965
-2.0,1,2.233017
-2.0,1,2.235535
-2.0,1,2.248995
-2.0,1,2.251292
-2.0,1,2.2534
-2.0,1,2.255271
-2.0,1,2.257084
-2.0,1,2.258784
-2.0,1,2.260687
-2.0,1,2.262475
-2.0,1,2.264257
-2.0,1,2.265875
-2.0,1,2.267563
-2.0,1,2.269215
-2.0,1,2.270868
-2.0,1,2.272528
-2.0,1,2.274295
-2.0,1,2.275999
-2.0,1,2.277891
-2.0,1,2.279712
-2.0,1,2.28191
-2.0,1,2.283705
-2.0,1,2.285454
-2.0,1,2.287347
-2.0,1,2.288929
-2.0,1,2.290612
-2.0,1,2.292334
-2.0,1,2.29433
-2.0,1,2.29591
-2.0,1,2.297765
-2.0,1,2.299478
-2.0,1,2.301085
-2.0,1,2.302691
-2.0,1,2.304293
-2.0,1,2.30588
-2.0,1,2.307499
-2.0,1,2.309128
-2.0,1,2.310701
-2.0,1,2.312332
-2.0,1,2.31395
-2.0,1,2.315566
-2.0,1,2.317147
-2.0,1,2.318688
-2.0,1,2.320419
-2.0,1,2.321969
-2.0,1,2.323771
-2.0,1,2.325265
-2.0,1,2.32692
-2.0,1,2.328556
-2.0,1,2.33017
-2.0,1,2.331795
-2.0,1,2.333414
-2.0,1,2.335071
-2.0,1,2.336679
-2.0,1,2.338376
-2.0,1,2.339945
-2.0,1,2.341454
-2.0,1,2.343051
-2.0,1,2.344578
-2.0,1,2.346164
-2.0,1,2.347704
-2.0,1,2.34947
-2.0,1,2.35093
-2.0,1,2.352468
-2.0,1,2.35412
-2.0,1,2.35582
-2.0,1,2.35738
-2.0,1,2.359029
-2.0,1,2.360522
-2.0,1,2.362023
-2.0,1,2.363452
-2.0,1,2.364912
-2.0,1,2.366417
-2.0,1,2.367836
-2.0,1,2.36926
-2.0,1,2.370701
-2.0,1,2.372129
-2.0,1,2.373559
-2.0,1,2.375062
-2.0,1,2.376566
-2.0,1,2.377985
-2.0,1,2.379509
-2.0,1,2.381079
-2.0,1,2.382572
-2.0,1,2.384108
-2.0,1,2.385575
-2.0,1,2.387063
-2.0,1,2.388532
-2.0,1,2.390037
-2.0,1,2.391516
-2.0,1,2.393007
-2.0,1,2.394482
-2.0,1,2.396022
-2.0,1,2.397499
-2.0,1,2.399001
-2.0,1,2.400486
-2.0,1,2.401971
-2.0,1,2.403446
-2.0,1,2.404915
-2.0,1,2.406413
-2.0,1,2.407909
-2.0,1,2.409394
-2.0,1,2.410881
-2.0,1,2.412392
-2.0,1,2.413901
-2.0,1,2.415376
-2.0,1,2.41687
-2.0,1,2.418347
-2.0,1,2.419849
-2.0,1,2.421376
-2.0,1,2.422905
-2.0,1,2.42435
-2.0,1,2.425771
-2.0,1,2.427269
-2.0,1,2.428789
-2.0,1,2.430167
-2.0,1,2.431625
-2.0,1,2.432998
-2.0,1,2.434375
-2.0,1,2.43585
-2.0,1,2.437355
-2.0,1,2.438827
-2.0,1,2.440164
-2.0,1,2.441592
-2.0,1,2.44295
-2.0,1,2.444367
-2.0,1,2.445711
-2.0,1,2.447118
-2.0,1,2.448454
-2.0,1,2.449861
-2.0,1,2.451206
-2.0,1,2.452609
-2.0,1,2.453971
-2.0,1,2.455363
-2.0,1,2.456689
-2.0,1,2.458079
-2.0,1,2.45941
-2.0,1,2.460816
-2.0,1,2.462164
-2.0,1,2.463545
-2.0,1,2.464873
-2.0,1,2.466223
-2.0,1,2.467559
-2.0,1,2.468903
-2.0,1,2.470256
-2.0,1,2.471619
-2.0,1,2.472971
-2.0,1,2.474333
-2.0,1,2.47572
-2.0,1,2.477161
-2.0,1,2.478615
-2.0,1,2.480142
-2.0,1,2.481606
-2.0,1,2.482997
-2.0,1,2.48443
-2.0,1,2.485879
-2.0,1,2.487931
-2.0,1,2.489494
-2.0,1,2.491263
-2.0,1,2.493124
-2.0,1,2.495148
-2.0,1,2.49715
-2.0,1,2.498947
-2.0,1,2.500649
-2.0,1,2.502282
-2.0,1,2.504044
-2.0,1,2.505823
-2.0,1,2.507547
-2.0,1,2.509261
-2.0,1,2.511163
-2.0,1,2.512869
-2.0,1,2.51443
-2.0,1,2.51603
-2.0,1,2.517529
-2.0,1,2.519152
-2.0,1,2.520643
-2.0,1,2.522215
-2.0,1,2.523765
-2.0,1,2.52523
-2.0,1,2.526769
-2.0,1,2.528285
-2.0,1,2.52976
-2.0,1,2.531366
-2.0,1,2.532727
-2.0,1,2.534199
-2.0,1,2.53565
-2.0,1,2.537079
-2.0,1,2.538521
-2.0,1,2.539878
-2.0,1,2.541375
-2.0,1,2.542795
-2.0,1,2.544311
-2.0,1,2.54572
-2.0,1,2.547174
-2.0,1,2.548645
-2.0,1,2.55024
-2.0,1,2.551656
-2.0,1,2.553035
-2.0,1,2.554428
-2.0,1,2.555828
-2.0,1,2.557219
-2.0,1,2.558732
-2.0,1,2.560246
-2.0,1,2.561606
-2.0,1,2.563139
-2.0,1,2.56462
-2.0,1,2.566032
-2.0,1,2.567543
-2.0,1,2.568902
-2.0,1,2.570307
-2.0,1,2.571812
-2.0,1,2.573174
-2.0,1,2.574707
-2.0,1,2.576189
-2.0,1,2.578007
-2.0,1,2.579524
-2.0,1,2.581077
-2.0,1,2.582583
-2.0,1,2.584065
-2.0,1,2.58554
-2.0,1,2.587028
-2.0,1,2.588511
-2.0,1,2.589993
-2.0,1,2.591484
-2.0,1,2.593026
-2.0,1,2.594532
-2.0,1,2.596051
-2.0,1,2.59762
-2.0,1,2.598991
-2.0,1,2.600376
-2.0,1,2.601753
-2.0,1,2.603144
-2.0,1,2.604528
-2.0,1,2.605931
-2.0,1,2.607318
-2.0,1,2.608691
-2.0,1,2.610141
-2.0,1,2.611521
-2.0,1,2.612886
-2.0,1,2.614262
-2.0,1,2.615629
-2.0,1,2.617035
-2.0,1,2.618417
-2.0,1,2.619795
-2.0,1,2.621128
-2.0,1,2.622483
-2.0,1,2.623817
-2.0,1,2.625191
-2.0,1,2.626619
-2.0,1,2.62795
-2.0,1,2.629289
-2.0,1,2.630642
-2.0,1,2.631992
-2.0,1,2.633332
-2.0,1,2.634712
-2.0,1,2.636048
-2.0,1,2.63739
-2.0,1,2.638747
-2.0,1,2.640096
-2.0,1,2.64147
-2.0,1,2.642887
-2.0,1,2.644235
-2.0,1,2.645579
-2.0,1,2.646958
-2.0,1,2.648292
-2.0,1,2.649626
-2.0,1,2.650989
-2.0,1,2.652334
-2.0,1,2.653685
-2.0,1,2.655051
-2.0,1,2.656398
-2.0,1,2.657768
-2.0,1,2.659128
-2.0,1,2.660497
-2.0,1,2.661852
-2.0,1,2.66322
-2.0,1,2.664551
-2.0,1,2.665917
-2.0,1,2.667284
-2.0,1,2.668629
-2.0,1,2.670002
-2.0,1,2.671357
-2.0,1,2.672713
-2.0,1,2.674074
-2.0,1,2.675462
-2.0,1,2.677096
-2.0,1,2.678584
-2.0,1,2.680082
-2.0,1,2.682094
-2.0,1,2.683577
-2.0,1,2.685068
-2.0,1,2.686641
-2.0,1,2.688098
-2.0,1,2.68988
-2.0,1,2.691373
-2.0,1,2.692875
-2.0,1,2.694648
-2.0,1,2.696137
-2.0,1,2.697596
-2.0,1,2.699076
-2.0,1,2.700564
-2.0,1,2.702036
-2.0,1,2.703486
-2.0,1,2.704944
-2.0,1,2.706434
-2.0,1,2.707867
-2.0,1,2.709351
-2.0,1,2.710824
-2.0,1,2.712297
-2.0,1,2.713764
-2.0,1,2.715226
-2.0,1,2.716696
-2.0,1,2.718151
-2.0,1,2.719571
-2.0,1,2.721021
-2.0,1,2.722506
-2.0,1,2.723925
-2.0,1,2.725461
-2.0,1,2.726959
-2.0,1,2.728423
-2.0,1,2.729878
-2.0,1,2.731346
-2.0,1,2.732892
-2.0,1,2.734386
-2.0,1,2.735839
-2.0,1,2.737335
-2.0,1,2.738858
-2.0,1,2.740354
-2.0,1,2.741942
-2.0,1,2.743388
-2.0,1,2.744983
-2.0,1,2.746577
-2.0,1,2.748006
-2.0,1,2.749523
-2.0,1,2.751096
-2.0,1,2.752631
-2.0,1,2.754228
-2.0,1,2.755671
-2.0,1,2.757209
-2.0,1,2.758768
-2.0,1,2.760245
-2.0,1,2.761758
-2.0,1,2.763307
-2.0,1,2.764791
-2.0,1,2.766292
-2.0,1,2.767843
-2.0,1,2.769287
-2.0,1,2.770809
-2.0,1,2.772289
-2.0,1,2.773787
-2.0,1,2.77535
-2.0,1,2.776958
-2.0,1,2.778552
-2.0,1,2.780162
-2.0,1,2.781747
4.75,2,5.503402
4.75,2,5.507
4.75,2,5.510275
5.0,1,5.51197
4.75,2,5.51521
5.75,2,5.519612
4.75,2,5.522931
-2.0,1,5.524512
5.0,1,5.526197
-5.8,17,5.556344
5.0,1,5.557993
-4.05,10,5.573077
5.0,1,5.574898
-2.05,2,5.578199
-5.25,18,5.612555
-2.3,3,5.618392
-5.25,18,5.65536
4.75,2,5.659419
4.75,2,5.663439
-2.05,2,5.667452
-3.05,6,5.679196
4.75,2,5.682938
5.75,2,5.68674
6.0,1,5.688557
-5.25,18,5.721727
6.0,1,5.723568
4.75,2,5.727259
-2.0,1,5.729059
-2.0,1,5.730899
5.0,1,5.732673
6.0,1,5.734493
-5.3,15,5.760508
-4.8,13,5.784798
4.75,2,5.78843
-5.25,18,5.821134
5.0,1,5.822957
4.75,2,5.826472
5.0,1,5.828212
-2.55,4,5.835166
-5.25,18,5.866386
4.75,2,5.869869
5.0,1,5.871628
-5.25,18,5.902789
-5.25,18,5.934185
-5.25,18,5.965825
-5.25,18,5.9958
5.0,1,5.997401
5.0,1,5.999114
-5.25,18,6.027569
-2.55,4,6.034109
5.75,2,6.037298
4.75,2,6.040488
4.75,2,6.043629
5.0,1,6.045168
5.0,1,6.046718
-2.8,5,6.054347
-5.25,18,6.082613
4.75,2,6.085811
5.0,1,6.087427
-5.25,18,6.115807
5.0,1,6.117397
5.0,1,6.118984
5.0,1,6.120615
-5.25,18,6.148858
-5.25,18,6.176791
5.0,1,6.178461
-5.25,18,6.206694
5.0,1,6.208299
-5.25,18,6.236791
-5.25,18,6.265861
6.0,1,6.267493
5.75,2,6.270768
6.0,1,6.272365
-5.25,18,6.301605
5.0,1,6.303253
5.0,1,6.304895
5.75,2,6.308232
-5.25,18,6.337891
5.0,1,6.339542
-2.0,1,6.341151
5.0,1,6.342859
-5.25,18,6.372186
-5.25,18,6.401015
-2.0,1,6.402596
6.0,1,6.404227
5.0,1,6.405812
5.0,1,6.407515
-5.25,18,6.436094
4.75,2,6.43943
-2.05,2,6.442634
4.75,2,6.445858
-5.25,18,6.47466
-5.25,18,6.503245
5.0,1,6.504812
4.75,2,6.507914
-5.25,18,6.536456
5.0,1,6.538182
5.0,1,6.540544
-5.25,18,6.570868
6.0,1,6.572414
-2.0,1,6.573955
4.75,2,6.577173
5.0,1,6.578797
5.0,1,6.580436
5.0,1,6.582017
6.0,1,6.583781
5.75,2,6.587203
-5.25,18,6.6176
-5.25,18,6.64715
2.45,16,6.673676
-5.25,18,6.704418
-5.25,18,6.735368
5.75,2,6.738881
-5.25,18,6.769394
5.75,2,6.772855
-5.25,18,6.805077
-4.85,18,6.836923
-5.25,18,6.868816
-5.25,18,6.89999
-5.25,18,6.930834
-2.8,5,6.939341
-5.25,18,6.970617
5.75,2,6.974067
-2.0,1,6.975735
-5.25,18,7.00637
-3.05,6,7.016392
5.0,1,7.018091
5.75,2,7.021433
-2.0,1,7.023198
-5.55,16,7.050673
5.75,2,7.054151
-5.25,18,7.084914
5.75,2,7.088483
5.0,1,7.090261
4.75,2,7.093694
4.75,2,7.097205
5.0,1,7.098994
5.0,1,7.100745
-5.25,18,7.130913
-5.8,17,7.159986
-5.25,18,7.1911
-2.3,3,7.196418
-5.25,18,7.228842
4.15,10,10.551417
5.0,1,10.55341
5.55,6,10.564951
5.15,6,10.576069
5.6,5,10.58504
-2.0,1,10.586792
5.6,5,10.595859
5.95,2,10.599458
-2.0,1,10.601227
5.0,1,10.603997
-2.0,1,10.605836
-2.05,2,10.6091
-2.1,3,10.613977
-5.95,32,10.670806
-6.95,32,10.726231
5.0,1,10.727956
-6.95,32,10.785224
5.9,3,10.790429
7.95,2,10.793723
-6.15,32,10.849534
5.7,3,10.855251
5.0,1,10.856997
7.4,5,10.865846
-6.15,32,10.921686
7.7,3,10.926935
-5.0,17,10.9566
-6.65,22,10.994018
-5.95,32,11.048374
5.0,1,11.050328
-7.1,27,11.096978
-6.55,32,11.15503
-2.0,1,11.156749
-5.8,21,11.192784
-7.15,32,11.24863
-8.15,32,11.308282
-3.5,11,11.328794
4.7,19,11.364595
-7.55,32,11.424451
8.0,1,11.426368
-7.75,32,11.486367
-5.7,23,11.52896
-3.05,10,11.549289
-2.1,3,11.55495
6.0,1,11.556772
5.0,1,11.55859
-3.7,11,11.57828
-4.35,12,11.599807
-8.15,32,11.656422
-2.35,4,11.663582
7.75,2,11.667322
3.3,23,11.709831
-2.4,5,11.719306
-2.65,6,11.730638
4.85,8,11.745761
6.45,8,11.760653
-6.65,22,11.799627
-7.75,32,11.855801
5.65,4,11.862979
5.1,7,11.875686
7.75,2,11.879286
6.0,1,11.881028
-7.75,32,11.937682
5.75,2,11.94114
-5.85,18,11.972884
-6.35,32,12.032926
-2.05,2,12.036803
-3.65,10,12.055722
4.75,2,12.059379
6.0,1,12.061229
7.75,2,12.06484
5.0,1,12.066674
-8.15,32,12.128964
-6.95,32,12.189568
-2.05,2,12.193261
-6.95,32,12.253532
-7.55,32,12.315239
-5.55,20,12.351662
6.3,11,12.371934
4.75,2,12.375561
-2.0,1,12.377357
-2.35,4,12.384684
5.75,18,15.724931
7.9,3,15.73113
7.85,4,15.739596
7.25,8,15.756618
-2.0,1,15.758562
-2.0,1,15.760532
7.75,2,15.764819
4.75,2,15.768785
7.85,4,15.777155
7.95,2,15.781534
6.65,12,15.804824
5.0,1,15.806723
5.0,1,15.808617
7.9,3,15.814313
6.0,1,15.816176
7.6,9,15.832857
7.4,5,15.842195
7.95,2,15.845892
8.0,1,15.84785
-2.05,2,15.851702
8.0,1,15.853669
7.95,2,15.857521
5.0,1,15.859504
-2.0,1,15.861358
7.85,4,15.86916
9.85,4,15.888939
-7.9,35,15.954191
-7.85,50,16.040866
9.6,5,16.049529
6.0,1,16.051337
-9.25,50,16.141752
-9.25,50,16.228428
7.35,6,16.238887
-2.0,1,16.24071
-6.4,33,16.298149
-10.05,50,16.388474
-8.25,50,16.479868
-2.0,1,16.481657
-8.85,50,16.572551
10.0,1,16.574413
6.0,1,16.576263
7.95,2,16.579921
-2.0,1,16.581715
-9.85,50,16.671635
7.0,9,16.688094
-10.05,50,16.77732
-5.25,26,16.82339
7.8,17,16.854062
9.3,7,16.866386
-9.5,43,16.94267
10.0,1,16.944545
-2.2,5,16.953598
-9.25,50,17.044693
-9.05,50,17.135714
5.0,1,17.137547
-9.15,44,17.217368
-6.35,28,17.268217
-9.25,50,17.361286
-6.65,26,17.408921
7.85,4,17.416149
-9.85,50,17.507106
-6.25,26,17.55452
-2.0,1,17.556364
8.3,15,21.053738
9.85,4,21.060995
-2.0,1,21.062867
9.85,4,21.070447
9.85,4,21.078259
9.55,6,21.089518
7.95,2,21.09318
9.95,2,21.096919
7.8,5,21.106386
9.95,2,21.110179
7.75,6,21.121453
9.45,8,21.136731
9.25,8,21.151973
9.8,5,21.161348
7.85,4,21.169034
8.3,11,21.190266
-2.05,2,21.193952
7.85,4,21.201203
9.75,6,21.212275
5.75,2,21.216147
9.95,2,21.219974
9.5,7,21.233164
-2.05,2,21.23691
-2.15,4,21.244572
9.5,7,21.257854
-2.2,5,21.267422
9.8,5,21.276963
9.85,4,21.28473
8.3,15,21.313064
9.85,4,21.320461
9.95,2,21.324197
9.35,10,21.343054
5.0,1,21.344944
5.5,27,21.395396
6.0,1,21.39726
7.8,5,21.406852
-2.6,5,21.416407
9.85,4,21.423995
-10.75,72,21.569785
-11.15,72,21.707217
-12.55,72,21.841926
-10.45,54,21.945182
-2.7,11,21.966191
9.7,7,21.97934
7.95,2,21.983187
-3.8,17,22.015566
-2.0,1,22.017508
5.0,1,22.019547
-13.15,72,22.157523
-11.55,72,22.296877
-2.05,2,22.30079
7.95,2,22.304712
-13.15,72,22.444813
-4.95,24,22.490862
-12.55,72,22.635136
11.9,3,22.641558
-12.75,72,22.786872
11.4,9,22.80504
-14.55,72,22.944592
11.5,7,22.957962
11.4,5,22.967619
9.25,12,22.990432
11.55,6,23.001892
9.25,24,26.698781
9.0,33,26.767697
10.15,18,26.808172
9.55,26,26.870477
-3.5,11,26.897613
11.85,4,26.907565
8.8,25,26.968557
11.7,7,26.985733
11.35,10,27.010278
11.9,3,27.017687
11.85,4,27.027606
6.0,1,27.030111
-2.35,8,27.049916
6.0,1,27.052411
5.0,1,27.054907
11.25,12,27.084444
-2.0,1,27.086858
10.8,17,27.128983
9.95,18,27.174475
11.85,4,27.183694
9.85,4,27.192894
11.4,9,27.21155
7.9,3,27.217817
-6.2,37,27.292336
-2.0,1,27.294467
-2.0,1,27.296429
11.65,8,27.312358
7.95,2,27.316338
11.85,4,27.324204
7.85,4,27.331804
11.1,11,27.35266
-2.0,1,27.354583
9.85,16,27.384655
11.35,10,27.403652
11.5,11,27.424303
11.85,4,27.431471
10.95,18,27.465122
10.15,18,27.506534
-2.1,3,27.514364
11.15,10,27.538447
11.15,14,27.573796
10.05,16,27.613654
9.7,23,27.670774
-2.0,1,27.673164
-2.0,1,27.675805
11.85,4,27.686041
-2.0,1,27.68855
11.9,3,27.696322
-2.3,7,27.714153
11.15,14,27.749419
-2.0,1,27.751931
10.3,15,27.789252
-2.95,12,27.819673
11.7,7,27.837892
-3.45,18,27.88299
11.8,5,27.895512
5.0,1,27.933179
13.95,2,27.938107
-6.45,38,28.031519
5.0,1,28.034002
-10.55,68,28.200853
8.7,43,28.302934
-2.0,1,28.305507
-14.05,98,28.546868
-6.2,37,28.636967
-2.2,5,28.649171
5.0,1,28.651748
-2.1,3,28.659081
-15.05,98,28.889328
-2.3,7,28.905406
-14.45,98,33.120272
-2.65,6,33.132003
13.25,16,33.163707
11.2,13,33.19054
-2.25,6,33.202848
12.5,15,33.234105
7.9,3,33.240432
-2.0,1,33.242482
12.7,15,33.273467
-4.3,23,33.31969
13.2,13,33.346334
12.45,20,33.38746
11.35,26,33.440804
13.0,17,33.476056
12.7,19,33.515064
4.15,70,33.658695
10.65,36,33.732491
5.0,1,33.734575
8.35,42,33.818353
10.35,30,33.880763
9.6,45,33.971947
12.85,20,34.011184
9.85,4,34.019472
11.55,26,34.072098
12.1,27,34.128055
13.2,17,34.163065
12.6,17,34.198085
11.5,23,34.24637
13.7,7,34.260901
14.0,1,34.263059
5.0,1,34.265103
7.8,5,34.277357
9.8,33,34.3476
-7.1,43,34.436602
-2.15,4,34.444985
9.3,39,34.527385
11.0,33,34.598417
9.95,2,34.602746
-2.0,1,34.604875
11.5,11,34.629861
12.25,24,34.681543
4.5,67,34.820057
9.1,39,34.903453
-2.0,1,34.905447
11.9,27,34.960917
11.25,24,35.010832
13.15,10,35.032107
-3.05,10,35.052782
-4.0,25,35.10534
7.95,2,35.109645
12.9,19,35.148827
13.15,10,35.169667
-2.0,1,35.171722
12.7,15,39.109375
12.5,19,39.146811
-2.05,2,39.150669
12.7,19,39.188102
13.15,14,39.215643
9.75,6,39.227459
7.7,43,39.311823
-2.05,2,39.315705
13.5,11,39.336651
13.15,14,39.365117
5.0,1,39.367117
13.5,11,39.388638
13.2,13,39.414381
12.6,17,39.448607
5.95,2,39.452682
11.0,21,39.494313
7.7,51,39.599965
12.2,17,39.635961
5.95,2,39.640396
-2.05,2,39.644279
-2.55,8,39.659992
11.55,10,39.680827
13.15,18,39.719197
7.95,2,39.723329
-2.05,2,39.727424
12.95,18,39.765088
13.05,12,39.790754
11.95,26,39.845401
-2.0,1,39.847491
5.95,2,39.851763
13.7,7,39.866265
13.3,7,39.880404
13.15,18,39.918381
-2.25,6,39.930923
13.45,12,39.956599
12.35,18,39.996069
12.4,17,40.031795
-2.1,3,40.038324
5.9,3,40.045054
13.5,11,40.069477
-2.15,4,40.078742
12.95,18,40.11955
11.35,30,40.1863
10.15,34,40.258895
7.9,3,40.265387
-2.45,10,40.286833
13.6,9,40.307593
10.75,30,40.379175
10.95,26,40.43229
-2.35,8,40.447459
10.95,30,40.504538
7.95,2,40.508384
7.95,2,40.512274
11.8,37,40.597052
-16.95,128,40.825787
-17.1,123,41.046126
10.0,1,41.048023
7.45,84,45.023898
-2.0,1,45.026012
14.45,20,45.066645
5.75,2,45.070696
14.4,21,45.112777
11.6,41,45.199508
-2.7,11,45.222386
13.5,31,45.284471
14.1,19,45.32284
-6.25,50,45.429842
8.3,71,45.578533
13.25,36,45.654104
12.4,41,45.737641
11.55,38,45.812722
-2.2,5,45.823596
11.55,10,45.844434
-3.3,19,45.88227
-2.8,13,45.907179
12.1,31,45.968453
9.6,57,46.079829
-8.2,73,46.223321
14.0,1,46.225526
-6.85,46,46.323096
11.7,7,46.337996
9.6,61,46.460699
5.0,1,46.462768
14.9,19,46.501263
-2.05,2,46.505278
13.05,24,46.553375
-4.7,31,46.618328
5.95,2,46.622614
-9.65,70,46.772183
5.0,1,46.774278
14.5,11,46.798043
-11.05,74,46.951789
-3.1,11,46.973899
-5.35,36,50.981057
6.0,1,50.983494
11.8,41,51.077618
-3.45,18,51.117898
15.25,8,51.13541
13.35,26,51.192329
12.1,43,51.283279
15.0,13,51.310822
14.7,23,51.357363
7.95,66,51.494221
13.7,27,51.550191
6.0,1,51.552238
5.95,2,51.556351
13.8,37,51.632884
14.9,11,51.656266
11.05,48,51.755641
14.15,22,51.802691
14.65,16,51.836781
13.75,22,51.883809
14.6,21,51.928977
12.75,18,51.96658
13.4,33,52.035899
12.55,34,52.106867
5.0,69,52.256903
-2.5,7,52.272009
11.35,34,52.345696
-2.95,12,52.372438
5.9,3,52.379377
5.9,3,52.386241
14.5,19,52.428174
7.9,3,52.434701
12.15,34,52.511223
15.45,8,52.528878
5.0,1,52.531216
13.55,26,52.588706
14.7,23,52.643043
13.3,35,52.720931
13.95,30,52.785304
7.95,2,52.789402
13.35,26,52.852225
6.0,1,52.855193
11.75,42,52.97962
14.4,13,53.013675
14.95,18,53.062712
8.9,59,53.215352
11.45,12,53.245595
14.15,22,57.319978
12.95,38,57.399959
15.15,14,57.429782
13.25,32,57.496721
14.75,22,57.543568
15.0,21,57.590585
14.2,25,57.644704
8.55,82,57.821757
14.5,23,57.869747
12.95,30,57.931078
12.3,31,57.996063
15.0,21,58.040939
9.8,5,58.051571
10.0,57,58.177935
9.85,4,58.186919
7.8,5,58.198337
13.5,11,58.22488
7.95,2,58.229729
-2.1,3,58.236864
5.0,1,58.239383
9.8,5,58.251218
14.55,18,58.294065
14.95,18,58.33745
-2.05,2,58.342195
14.5,23,58.396986
-4.65,26,58.456984
13.9,23,58.50937
-2.0,1,58.515105
17.1,15,58.549094
15.75,30,58.617242
-22.85,162,58.980429
-2.45,10,59.001684
-4.9,31,59.067843
-2.25,6,59.080748
-20.05,162,59.465985
11.15,70,63.75787
12.45,68,63.896242
-21.65,162,64.236006
9.7,7,64.250798
15.1,31,64.315864
-4.3,23,64.364192
16.35,30,64.427272
2.0,129,64.693253
14.1,35,64.765238
13.05,56,64.87817
-5.6,41,64.963633
13.5,55,65.079632
13.1,59,65.205032
9.8,5,65.215488
13.5,11,65.238498
13.1,43,65.327978
15.95,26,65.380221
-5.1,39,65.46324
5.95,2,65.467867
14.05,40,65.568038
8.9,99,65.807737
9.75,6,65.822154
-3.35,20,65.86997
-2.0,1,65.872315
5.95,2,65.877094
7.9,3,65.884346
12.4,61,70.231939
16.05,32,70.301442
13.65,8,70.31931
11.85,4,70.327926
17.2,17,70.364501
15.65,36,70.445666
16.2,25,70.500497
5.95,2,70.504989
15.55,10,70.526454
-2.05,2,70.53076
8.25,100,70.755196
10.5,71,70.914649
16.5,23,70.965438
5.95,2,70.969892
3.15,126,71.249317
16.55,22,71.297969
-2.9,19,71.34083
14.0,33,71.415
-3.05,18,71.455331
14.75,22,71.504747
11.8,5,71.516096
-2.1,3,71.522821
16.9,23,71.574171
15.65,32,71.645017
-18.45,162,72.000654
-2.6,13,72.029701
6.0,1,72.032033
5.95,2,72.036556
12.4,57,72.165158
16.7,19,72.206559
11.45,44,72.299654
14.15,42,76.854368
15.75,30,76.922502
16.3,31,76.993407
2.55,126,77.275171
5.95,2,77.27974
12.75,14,77.31146
-5.75,40,77.40086
14.5,31,77.47215
15.4,29,77.536403
17.1,19,77.579368
11.95,58,77.711894
-2.05,2,77.716338
-2.25,6,77.730254
9.75,6,77.744684
7.2,101,77.983588
13.7,35,78.063057
15.6,37,78.146145
16.75,26,78.203557
15.6,25,78.260131
-2.4,9,78.280379
-3.05,18,78.320951
11.4,61,78.458443
8.0,1,78.460663
-3.45,22,78.509347
-2.0,1,78.511486
12.6,53,78.629147
-2.0,1,78.631417
11.45,12,78.658179
6.0,1,78.660437
16.35,26,78.71629
15.1,31,78.785254
10.9,55,78.911802
14.45,40,79.006084
11.2,65,79.149278
7.9,3,79.1561
-2.0,1,79.158354
-2.05,2,79.162898
16.7,23,83.398413
15.35,30,83.46381
5.95,2,83.468313
14.85,28,83.531174
13.2,17,83.569517
16.1,27,83.630291
16.55,26,83.690635
16.45,16,83.731449
16.1,27,83.802366
7.95,2,83.807736
-2.0,1,83.810389
-3.5,19,83.85737
-2.0,1,83.85994
-2.9,19,83.907352
15.3,31,83.984475
15.05,32,84.064376
17.05,20,84.114357
-2.0,1,84.11682
14.5,39,84.213407
7.8,5,84.225846
7.8,5,84.238159
9.9,3,84.245866
16.65,20,84.296593
11.45,56,84.442147
-2.85,14,84.478903
16.7,19,84.529088
17.1,15,84.567567
16.85,20,84.617377
-4.0,17,84.661646
17.2,17,84.706337
14.95,42,84.815671
14.95,26,84.883288
13.35,50,85.01544
11.65,8,85.036716
-2.0,1,85.039353
-4.35,24,85.102988
15.85,28,85.17394
15.1,39,85.270126
15.8,33,85.352845
12.4,45,85.463296
6.0,1,85.46574
13.9,39,85.562668
17.55,10,85.587701
11.7,7,85.628921
-2.75,16,85.669498
3.35,158,90.601073
-2.75,12,90.628652
-2.4,9,90.649274
17.45,32,90.720231
5.65,140,91.044272
11.7,7,91.061803
9.85,4,91.071654
5.0,1,91.074124
13.4,53,91.2045
11.15,90,91.427865
15.8,57,91.566574
7.0,109,91.810585
14.85,60,91.947214
17.1,43,92.046137
15.8,57,92.178908
12.3,63,92.324762
8.0,1,92.32721
10.65,96,92.556707
6.9,115,92.827445
-3.3,187,97.863755
17.2,33,97.944313
7.95,2,97.949187
18.8,25,98.010198
12.6,69,98.173901
13.65,68,98.337473
5.95,2,98.342378
11.8,5,98.35419
17.6,33,98.43333
15.9,43,98.536725
16.85,40,98.634389
12.7,75,98.815492
16.65,40,98.911389
-2.3,7,98.928434
18.25,32,99.005704
17.7,35,99.091547
15.1,19,99.138132
-10.3,43,99.242342
16.1,47,99.359231
17.75,34,99.437764
15.5,11,99.464153
-2.65,14,99.497464
14.75,66,99.651205
-2.25,6,99.666189
7.9,3,99.673536
14.6,61,99.822521
18.6,25,99.884673
-22.75,200,104.990419
16.8,37,105.075094
-2.4,9,105.095688
5.95,2,105.100351
16.25,48,105.211235
19.1,19,105.252892
7.9,3,105.259634
17.5,39,105.345158
18.6,25,105.400078
18.35,30,105.465624
-2.45,10,105.487598
15.55,46,105.588677
-4.15,32,105.663007
18.65,28,105.726012
14.1,63,105.871597
18.05,28,105.936764
13.3,75,106.112565
17.5,35,106.194171
14.5,59,106.332334
18.5,27,106.394946
18.6,29,106.461439
18.05,32,106.535112
5.0,1,106.537414
7.9,3,106.544374
15.6,9,106.565312
16.25,48,106.676697
18.4,29,106.744333
6.0,1,106.746678
18.15,30,106.812691
-3.8,21,106.863005
-2.85,18,111.463866
17.45,28,111.532615
16.35,46,111.639246
17.6,33,111.718771
18.35,26,111.780989
-29.35,200,112.24353
-7.6,41,112.343321
7.9,3,112.350743
18.95,18,112.395052
-2.55,12,112.424301
16.45,44,112.531195
19.1,19,112.577031
8.35,102,112.827924
12.65,68,112.994445
-2.6,13,113.026102
17.15,38,113.11932
5.95,2,113.124443
18.75,22,113.178187
14.9,55,113.313678
10.95,90,113.534132
17.2,33,113.615347
19.35,10,113.640046
18.9,23,113.696908
-2.65,14,113.731548
-2.15,4,113.741477
15.2,13,113.773051
17.2,37,113.863141
2.75,130,118.76785
17.2,37,118.864084
18.55,30,118.940331
11.05,88,119.157108
17.85,32,119.233855
15.65,8,119.252445
16.75,42,119.354218
15.8,61,119.51277
19.2,17,119.555305
18.85,24,119.613335
17.85,36,119.700584
-2.6,13,119.730901
16.7,39,119.825841
17.95,30,119.897526
16.0,41,119.992966
11.65,8,120.011745
-2.0,1,120.014504
-2.0,1,120.016815
17.3,15,120.053029
-2.9,19,120.10259
11.8,5,120.11561
16.5,39,120.209438
17.05,32,120.283642
-1.95,160,120.666851
-2.0,1,120.669163
6.0,1,120.671552
15.8,53,120.800149
12.35,74,121.01589
-25.95,200,126.103299
18.3,23,126.161785
16.9,43,126.2682
18.35,26,126.333875
6.0,1,126.336429
18.05,28,126.40824
5.0,1,126.410778
18.35,26,126.478501
-2.15,4,126.488937
15.0,21,126.5437
18.7,27,126.613285
18.65,28,126.685732
14.15,66,126.859641
15.65,48,126.984045
-2.0,1,126.986482
18.35,30,127.060737
17.0,33,127.144251
17.05,20,127.193645
17.8,41,127.295131
17.85,32,127.375831
18.5,27,127.443584
17.55,34,127.528303
7.8,5,127.539979
-2.0,1,127.542348
18.1,31,127.614611
17.2,41,127.70983
17.0,37,127.800961
17.9,31,127.876529
6.0,1,127.879035
-27.25,242,133.229877
-30.65,242,133.809985
15.35,66,133.96893
-30.85,242,134.553682
17.9,47,134.668744
-30.05,242,135.227485
18.75,42,139.956246
20.0,37,140.04751
-2.5,11,140.074211
21.0,21,140.125428
-0.95,184,140.578397
19.25,36,140.666308
17.4,69,140.828401
-3.4,21,140.876975
-6.35,56,141.007533
-2.15,4,141.016825
-10.35,88,141.226968
11.5,95,141.457542
-2.0,1,141.459799
20.5,31,141.531442
17.2,57,141.659257
5.0,1,141.661556
13.6,9,141.681125
19.2,37,141.761715
3.05,156,142.119291
20.5,27,142.185877
15.3,75,147.138345
-6.2,49,147.263583
12.05,92,147.502541
18.95,34,147.591756
19.15,38,147.703979
20.8,21,147.784916
-2.95,164,148.224692
19.15,38,148.326862
14.45,76,148.527975
19.85,32,148.624179
19.3,43,148.737878
17.1,55,148.889889
19.2,45,149.015338
-2.55,12,149.047732
20.7,27,149.120518
18.8,45,149.238536
17.4,53,149.35792
17.0,57,149.48368
-2.0,1,149.485807
17.0,49,149.58818
20.6,25,149.640922
11.8,5,149.651523
-2.95,20,149.694999
18.15,50,155.31232
20.9,19,155.362178
-3.85,34,155.449135
17.65,56,155.594945
18.2,53,155.734004
19.35,38,155.833233
20.65,28,155.911982
15.4,53,156.061392
13.45,12,156.09546
20.45,28,156.173443
-2.65,14,156.212854
18.75,54,156.364098
9.7,115,156.722548
18.6,49,156.865562
11.75,6,156.887123
17.4,49,157.024585
17.45,60,157.190255
-8.2,209,157.821646
20.5,31,157.913525
11.35,94,163.460835
20.35,26,163.579471
19.95,34,163.718899
20.15,26,163.797169
5.9,3,163.805016
13.25,16,163.84734
6.85,148,164.23516
17.85,48,164.364328
20.7,23,164.425735
7.9,3,164.433746
12.05,108,164.727467
19.75,34,164.827096
11.35,102,165.127285
-3.05,18,165.182925
19.55,30,165.277591
18.75,46,165.424991
20.55,26,165.505465
20.65,24,165.58138
20.9,23,165.654281
13.5,11,165.689005
19.05,44,165.820857
7.9,3,165.82959
19.5,43,165.953381
18.05,60,166.126966
13.3,15,166.170197
8.9,111,171.891274
20.55,26,171.966956
12.45,88,172.208549
20.0,33,172.298681
15.2,69,172.490716
18.95,38,172.597911
21.15,18,172.646686
20.35,30,172.730953
17.2,17,172.777889
5.0,1,172.780754
19.2,37,172.882916
20.2,37,172.985277
9.9,3,172.993329
18.3,47,173.125053
20.0,33,173.216313
20.55,22,173.277204
18.65,40,173.388172
11.8,5,173.402592
16.95,18,173.453251
17.45,60,173.619824
17.3,63,173.797915
19.25,44,173.920365
19.5,35,174.018948
12.0,93,174.275215
19.25,36,174.377391
16.65,68,174.564755
19.1,43,174.68438
20.05,32,180.311554
-4.05,34,180.403467
17.1,59,180.577905
21.15,18,180.63026
18.55,38,180.741513
20.65,24,180.811032
9.75,6,180.828707
19.75,38,180.947472
-5.7,51,181.109987
19.8,29,181.201709
-2.05,2,181.208042
17.6,57,181.396768
20.65,28,181.485832
20.65,24,181.558737
-2.8,17,181.610225
17.1,51,181.766797
17.45,12,181.804084
19.45,36,181.907248
20.6,29,181.990297
20.1,31,182.076047
21.15,18,182.125944
15.1,71,182.322121
18.7,39,182.428452
15.05,92,182.672668
11.95,2,182.677766
-2.4,9,182.702769
20.2,25,182.772061
20.1,31,182.852645
-2.35,8,182.873343
-2.2,5,182.886092
18.4,37,182.985038
18.7,47,183.115117
15.75,66,188.929183
20.35,26,188.995964
19.35,42,189.104466
20.1,31,189.190085
18.7,39,189.298664
16.8,49,189.439641
19.55,34,189.534806
9.85,4,189.545828
17.1,19,189.598408
20.5,27,189.673266
20.05,28,189.751372
19.95,38,189.855466
13.1,15,189.898004
17.1,47,190.028916
19.8,33,190.120249
19.9,35,190.220501
20.45,28,190.30441
-3.55,28,190.388004
20.7,27,190.465581
8.0,1,190.46916
19.0,37,190.57514
20.05,36,190.676622
-2.0,1,190.679412
-2.45,10,190.707533
18.55,26,190.782773
20.55,30,190.869098
19.6,41,190.992251
20.15,38,191.110095
15.95,62,191.302461
15.65,8,191.327285
-2.0,1,191.330388
18.6,53,191.494356
14.1,79,191.738165
20.8,25,197.33042
-42.75,288,198.148661
-35.35,288,198.943089
-39.75,288,199.732841
0.35,178,205.98574
5.9,3,205.995612
20.1,59,206.183025
9.75,6,206.202779
16.45,96,206.501624
9.8,5,206.516985
18.6,65,206.711765
21.65,32,206.811033
13.8,93,207.116792
22.5,27,207.20228
17.25,72,207.416114
21.05,40,207.529945
12.35,86,207.777318
-2.75,16,207.824102
16.9,87,208.078858
-2.65,14,208.119428
21.35,46,208.252574
21.7,31,208.342551
21.3,43,208.470608
21.75,42,208.604242
21.2,41,208.733709
0.8,201,215.07843
16.3,43,215.222356
19.4,53,215.394441
10.0,157,215.919661
20.15,58,216.102723
18.5,71,216.324047
22.7,27,216.416633
19.85,56,216.606618
21.6,33,216.717609
-4.1,239,217.477965
22.2,29,217.568393
13.4,13,217.608213
13.1,107,217.939417
20.75,54,223.870192
20.65,44,223.994967
17.25,72,224.197776
21.8,33,224.290154
20.9,23,224.357809
0.1,191,224.903108
19.35,58,225.068147
19.05,64,225.253933
15.45,80,225.483637
15.25,16,225.528994
11.05,120,225.869681
21.75,34,225.968737
21.35,38,226.079358
-0.8,225,232.669723
20.5,55,232.816494
18.65,28,232.888873
21.4,37,232.990697
7.85,4,233.002221
18.8,65,233.173645
17.0,81,233.401762
19.65,56,233.553923
22.4,25,233.618691
16.8,21,233.674414
15.05,72,233.880462
17.7,67,234.077905
18.9,23,234.144644
8.0,1,234.147586
21.65,44,234.276365
11.85,4,234.288166
-2.0,1,234.29104
22.2,33,234.388776
20.75,50,234.536171
11.8,125,234.884174
19.2,53,235.032833
13.45,12,235.067116
16.55,22,235.128218
20.0,53,235.290707
19.8,53,235.455338
21.8,37,241.551589
21.1,51,241.69517
22.3,23,241.761158
-2.5,11,241.793581
20.3,55,241.949758
21.85,40,242.063963
22.15,30,242.149361
16.5,75,242.362476
22.6,29,242.444761
20.55,50,242.587553
21.1,35,242.688193
10.25,136,243.072055
-2.95,20,243.12956
21.25,44,243.256532
15.4,13,243.294147
19.05,20,243.351764
7.8,5,243.366426
22.05,40,243.47965
-2.1,3,243.488031
20.0,57,243.648912
-2.0,1,243.651673
13.4,89,243.908995
22.25,28,243.988613
22.85,24,244.057329
20.45,56,244.254716
19.35,46,244.40825
17.4,73,250.42408
17.55,74,250.636431
20.85,44,250.766443
-2.25,6,250.783145
21.3,51,250.923133
22.05,36,251.022549
22.7,27,251.095235
19.8,57,251.254766
18.85,68,251.451874
21.35,46,251.585438
15.3,15,251.62884
11.75,6,251.646508
20.55,62,251.823557
20.15,58,251.986892
21.95,26,252.059242
11.2,113,252.368355
18.95,18,252.418877
19.2,57,252.578633
-10.05,66,252.765603
20.35,62,252.944272
15.0,89,253.198963
22.25,32,259.08926
22.45,32,259.171359
22.15,34,259.259898
19.7,55,259.41152
20.6,49,259.544975
-2.4,9,259.569696
12.1,91,259.820416
-13.5,95,260.082999
9.85,4,260.095053
19.95,58,260.266861
21.75,38,260.371214
21.8,33,260.463366
21.2,57,260.619381
20.6,49,260.756177
18.35,66,260.937762
22.65,20,260.995823
14.25,96,261.273778
20.95,50,261.415073
-2.8,17,261.46364
20.85,48,261.597231
18.35,34,261.690562
5.95,2,261.696239
21.6,37,261.797424
6.0,1,261.800145
7.9,3,261.808175
21.05,44,267.569169
21.8,41,267.682439
11.6,9,267.706471
1.85,168,268.207637
21.75,42,268.332766
3.8,177,268.867689
21.9,43,268.999326
22.35,30,269.089331
20.4,41,269.21173
5.9,3,269.220845
21.95,42,269.345895
5.95,2,269.35157
22.6,29,269.438221
20.95,42,269.562014
19.5,55,269.725447
-2.7,15,269.769174
21.8,41,269.889002
-2.0,1,269.891874
22.7,27,269.969664
20.75,26,270.047639
22.5,31,270.139659
7.05,172,277.025016
21.8,41,277.135196
18.65,28,277.215565
21.2,41,277.321247
22.05,32,277.403832
21.55,42,277.512565
22.15,30,277.589798
5.95,2,277.594895
20.1,59,277.74573
18.85,60,277.906583
7.95,2,277.912003
20.45,56,278.055545
18.2,73,278.24536
11.7,107,278.54511
21.05,36,278.647717
22.45,24,278.71362
9.75,6,278.72981
20.95,42,278.8457
20.4,57,279.00728
-2.2,5,279.02116
16.4,25,279.090503
22.1,35,279.188896
18.25,68,279.377931
-3.4,25,279.447033
22.05,40,279.558461
22.3,31,279.64592
22.05,36,285.245465
21.55,42,285.365093
22.35,34,285.461439
20.1,51,285.606818
22.0,33,285.701211
21.8,37,285.806836
18.85,56,285.966463
-2.35,8,285.989757
22.05,28,286.069209
14.65,84,286.304282
22.35,30,286.387814
21.25,48,286.517389
-7.65,230,287.158991
20.85,44,287.281232
7.85,4,287.292644
21.5,47,287.427739
21.65,40,287.544016
19.95,46,287.677429
22.8,25,287.749556
19.0,21,287.810188
6.0,1,287.813286
19.65,44,287.941758
21.9,27,288.019678
21.85,44,294.100675
20.65,20,294.159322
19.5,55,294.319401
9.85,4,294.331036
22.8,25,294.404882
20.2,65,294.708313
13.3,15,294.749288
18.65,28,294.826024
-40.05,338,295.738723
-46.05,338,296.67451
6.85,180,302.927
16.15,102,303.209254
19.95,82,303.435283
6.0,1,303.437982
-2.15,4,303.449018
-2.05,2,303.45461
13.15,90,303.70105
-2.0,1,303.703802
20.75,66,303.886668
24.05,40,303.997225
23.35,46,304.130326
22.6,53,304.290091
-5.45,50,304.441686
19.6,85,304.694986
-15.65,134,305.094386
22.15,58,305.272884
23.65,36,305.378688
18.85,76,311.831306
24.15,30,311.914778
20.35,74,312.12348
10.05,124,312.479518
5.0,1,312.483569
-4.0,37,312.592907
21.25,80,312.826041
23.8,41,312.941894
15.35,122,313.288086
5.0,1,313.291173
15.8,117,313.604107
19.05,80,313.814165
21.8,57,313.963317
20.15,70,314.158723
21.65,56,314.313874
-3.2,25,314.382335
-3.7,31,314.469809
22.65,56,314.624404
-3.4,29,320.526967
11.65,8,320.551126
13.5,11,320.58513
6.0,1,320.588225
21.8,49,320.742871
22.6,49,320.906124
22.05,64,321.123954
20.8,61,321.315389
21.5,63,321.511629
7.8,5,321.527245
20.6,73,321.75522
-4.95,36,321.869358
5.9,3,321.878688
19.7,79,322.125661
24.5,31,322.22111
21.4,61,322.406999
20.85,68,322.617758
22.65,64,322.817576
9.75,6,322.835817
-2.7,15,322.8813
23.05,48,323.028142
22.0,49,323.16727
24.05,32,323.258088
22.35,50,323.402245
21.4,65,323.586689
20.7,27,329.577002
20.7,67,329.789018
-2.0,1,329.792115
18.35,90,330.119585
5.0,1,330.124445
19.75,78,330.408538
-2.55,12,330.445999
19.0,81,330.694183
23.9,39,330.813164
23.45,48,330.962209
-2.85,18,331.016155
21.35,62,331.214855
7.15,50,331.368795
-2.35,8,331.393854
21.15,66,331.599343
23.2,41,331.725025
23.35,50,331.88051
21.3,59,332.06162
11.2,109,332.405387
5.95,2,332.411618
15.8,113,332.761006
19.45,72,338.978371
20.85,76,339.190012
22.35,62,339.366287
24.0,41,339.480244
23.5,51,339.623373
21.65,60,339.797179
-3.6,29,339.885703
16.6,105,340.199054
11.6,9,340.224213
16.7,103,340.531126
22.35,62,340.714175
19.85,72,340.930185
23.45,52,341.084625
14.45,120,341.423745
23.35,46,341.55662
21.2,61,341.732194
8.0,1,341.735098
-2.75,16,341.781511
11.8,117,347.917994
23.65,36,348.022908
9.75,6,348.040051
23.85,44,348.166713
24.2,33,348.261699
7.95,2,348.267634
18.85,72,348.476388
13.6,9,348.502834
22.35,34,348.600721
15.55,106,348.907269
23.8,41,349.025418
20.1,35,349.126554
-2.45,10,349.155322
23.65,48,349.294094
5.0,1,349.29748
21.55,54,349.451075
7.85,4,349.462563
11.8,129,349.831951
22.5,55,350.004423
22.8,49,350.173642
20.7,59,350.357638
-2.45,10,350.388532
23.2,41,350.522327
-2.5,11,350.556185
-5.3,47,356.544666
23.3,47,356.680491
6.0,1,356.683464
-5.6,53,356.836044
-13.7,291,357.668633
15.25,116,358.00168
22.65,52,358.150163
24.65,28,358.230997
21.05,20,358.287795
13.55,10,358.316673
17.5,79,358.545435
9.8,5,358.560139
7.95,2,358.566392
-2.15,4,358.577384
21.1,63,358.770116
21.65,56,358.941637
22.75,58,359.126225
23.25,44,359.274643
20.6,65,359.478636
23.15,42,365.658412
24.2,37,365.761083
-2.0,1,365.764021
23.55,42,365.884827
20.5,67,366.076298
16.2,101,366.361033
-2.35,8,366.385201
-4.65,38,366.493324
22.8,49,366.631028
23.3,51,366.779246
22.65,56,366.950984
24.55,30,367.040726
15.5,11,367.07287
15.7,7,367.093591
18.3,91,367.364468
9.85,4,367.377045
22.35,58,367.555068
-4.3,43,367.691041
15.85,112,368.035616
15.05,96,368.336938
23.75,38,368.456274
23.35,46,368.600064
5.0,1,368.60336
23.9,39,374.667072
23.25,44,374.786509
22.85,52,374.930583
19.35,14,374.970321
-3.15,24,375.036207
-2.4,9,375.060757
-3.15,24,375.126675
23.45,52,375.272589
22.55,54,375.42702
21.2,57,375.590897
9.7,7,375.611932
6.95,158,376.068352
13.05,28,376.149841
9.65,8,376.173229
24.25,28,376.252028
-3.3,19,376.306356
24.15,38,376.41251
23.0,49,376.549867
-2.0,1,376.552859
-2.0,1,376.555907
19.45,72,376.767686
5.95,2,376.773612
23.6,49,376.924231
23.7,43,377.059271
5.0,1,377.062555
7.95,2,377.068887
23.1,51,377.23631
24.05,40,377.383252
23.3,47,377.540827
22.15,58,383.669014
22.95,34,383.765694
-37.25,338,384.808758
23.15,50,384.961981
22.05,56,385.133243
19.7,75,385.372417
22.5,59,385.562409
23.95,42,385.691098
13.45,12,385.72728
15.0,125,386.101474
11.8,5,386.116982
9.95,2,386.12298
23.5,47,386.266894
23.15,46,386.406263
24.35,26,386.485783
21.55,42,386.61075
20.7,67,392.701809
23.35,46,392.830699
24.4,33,392.923938
11.45,12,392.958648
23.45,48,393.095433
22.95,54,393.252127
7.75,6,393.269199
-2.0,1,393.271954
20.25,64,393.45137
-2.8,17,393.498526
23.7,43,393.619071
-3.05,22,393.680637
17.0,93,393.953844
-2.3,7,393.97589
21.25,64,394.17031
23.35,38,394.288703
22.8,57,394.463951
23.05,40,394.586436
-2.15,4,394.599068
23.7,47,394.746856
22.65,56,394.919616
23.9,43,395.054895
11.65,8,395.079869
22.65,56,395.254166
7.95,2,395.26139
19.65,76,395.496368
22.3,55,401.5592
22.85,56,401.719094
22.3,51,401.86853
22.1,51,402.016316
20.75,62,402.192209
9.6,9,402.217801
19.4,13,402.254355
22.9,51,402.402571
20.45,64,402.584924
21.4,69,402.775452
17.1,95,403.042572
15.1,19,403.094896
20.35,70,403.30726
15.55,98,403.658382
22.9,51,403.864897
-2.75,16,403.929742
23.2,45,404.101349
11.95,2,404.108647
22.15,58,404.306903
23.15,54,404.483312
23.4,37,404.598971
20.45,68,410.529425
-2.3,7,410.549906
23.2,49,410.684965
-3.85,34,410.778622
18.9,23,410.842745
24.55,26,410.913996
22.05,64,411.106756
9.8,5,411.122092
23.95,34,411.223914
17.55,10,411.256109
7.8,5,411.271277
21.85,64,411.458488
10.6,129,411.818837
23.65,48,411.962861
22.95,50,412.113804
23.65,40,412.235175
23.1,55,412.396062
23.2,49,412.547316
-2.1,3,412.556721
21.6,53,412.706178
22.05,68,412.894351
22.7,59,413.058568
15.6,105,413.344755
-2.25,6,413.361206
11.6,9,413.386691
22.55,54,419.571993
20.65,60,419.747151
20.2,77,419.977561
17.3,15,420.021171
21.25,60,420.195235
19.25,84,420.435148
20.95,70,420.64231
7.9,3,420.65079
22.95,46,420.785714
-2.25,6,420.803038
24.35,34,420.901332
7.4,161,421.381843
23.2,49,421.53147
22.75,42,421.669803
11.75,6,421.688951
23.7,47,421.843836
4.35,206,428.85456
23.35,62,429.032443
13.45,144,429.470675
24.2,65,429.703539
4.75,230,430.389275
16.65,124,430.784932
13.8,105,431.134917
18.3,83,431.407011
4.15,206,437.92588
22.25,56,438.083606
-3.5,27,438.160015
25.5,47,438.296713
16.0,117,438.629304
18.95,22,438.69701
9.85,4,438.709455
24.35,46,438.849313
23.45,68,439.06058
18.8,113,439.408892
9.95,186,439.982251
23.35,74,440.193148
23.9,55,440.347732
21.3,75,440.681464
-2.8,17,440.74264
20.35,86,441.023674
22.3,91,447.373707
18.1,119,447.738091
24.65,56,447.912952
19.0,101,448.200831
24.7,51,448.349538
-4.25,34,448.446081
22.85,76,448.649091
20.05,88,448.896919
-3.8,37,449.004602
11.6,9,449.031094
25.1,51,449.176656
21.7,87,449.423835
19.4,113,449.748169
23.0,73,449.96489
18.6,117,456.376087
23.35,66,456.565879
25.8,41,456.683255
21.2,93,456.952423
22.45,32,457.045017
22.1,27,457.123495
20.1,35,457.224757
22.0,69,457.424847
18.95,118,457.75908
25.7,43,457.883757
24.15,62,458.057055
19.05,20,458.11419
9.8,193,458.699943
23.1,67,458.903647
20.05,100,465.568023
24.9,59,465.747182
-30.05,354,466.784526
13.65,8,466.807242
9.85,4,466.818454
25.5,47,466.952697
19.35,114,467.280941
9.7,7,467.30131
19.75,102,467.607132
22.6,73,467.826844
19.2,17,467.879145
14.1,139,468.284129
17.9,103,474.464071
-87.75,392,475.594563
12.1,39,475.700369
25.4,45,475.819865
-2.0,1,475.822575
20.95,94,476.074418
7.9,3,476.08278
22.65,80,476.303024
24.75,58,476.466567
25.4,45,476.595721
20.95,106,476.891295
-2.0,1,476.894276
-5.35,36,476.994724
23.2,53,477.14252
-2.0,1,477.145378
21.1,87,483.063377
21.7,71,483.26696
9.6,125,483.616608
13.35,14,483.655494
18.7,99,483.928743
-7.25,242,484.589836
26.0,33,484.681051
24.95,46,484.806845
19.75,102,485.093941
22.8,73,485.315056
7.2,205,491.642768
25.8,37,491.746426
22.95,70,491.935625
9.8,5,491.94884
-3.3,23,492.011919
21.0,77,492.223058
21.25,88,492.468173
16.75,26,492.539907
-3.8,33,492.634898
22.75,66,492.819124
8.95,130,493.18362
24.95,58,493.347527
25.3,43,493.467481
21.45,92,493.736858
7.95,2,493.742866
5.0,1,493.74589
-6.05,62,493.940248
23.8,73,494.15998
24.65,56,494.329049
5.0,1,494.332226
4.65,164,500.704975
0.75,258,501.472727
5.95,2,501.480539
25.8,45,501.651494
22.6,77,501.90494
9.2,189,502.487879
25.4,45,502.629085
25.75,42,502.760037
20.9,83,503.010508
7.95,2,503.016707
25.1,47,503.162495
19.0,21,503.224082
-2.15,4,503.236315
24.8,57,503.409388
-3.5,31,503.503543
13.55,10,503.534244
25.5,51,509.461333
21.8,73,509.664274
25.3,51,509.812345
20.4,33,509.90665
24.45,52,510.057444
8.9,39,510.167442
-65.15,288,511.052773
16.8,117,511.414795
21.8,89,511.69479
14.35,126,512.089605
25.4,37,512.207261
23.75,74,518.413544
23.7,59,518.579944
18.45,112,518.894386
23.9,67,519.07735
24.35,46,519.204403
24.5,63,519.378224
24.25,60,519.551132
24.65,56,519.709079
23.05,68,519.912439
23.3,63,520.103261
19.65,36,520.230153
24.95,42,520.357706
20.3,27,520.442197
17.9,103,520.756665
24.85,40,520.878356
11.6,9,520.907179
24.75,62,521.115574
23.15,74,521.384105
13.65,8,521.413409
24.75,62,527.844823
25.0,45,527.972935
19.1,19,528.027331
23.25,52,528.179909
21.65,80,528.417364
7.9,3,528.42666
25.0,53,528.596454
24.8,45,528.743662
22.3,83,529.000778
25.3,43,529.125671
18.2,37,529.23213
24.75,50,529.377177
25.3,55,529.534426
9.8,5,529.549209
17.05,20,529.610924
9.65,8,529.636423
25.55,42,529.768952
21.5,83,530.03082
7.95,2,530.03699
25.15,46,530.178367
-8.4,237,536.918738
10.6,197,537.475604
7.8,5,537.490317
25.4,45,537.619135
-2.95,20,537.675731
20.25,32,537.765886
-3.0,13,537.802335
24.9,59,537.969447
25.45,40,538.082388
21.45,12,538.115937
25.1,43,538.237995
20.3,83,538.473231
19.1,95,538.74441
13.3,15,538.786497
16.75,18,538.837271
26.05,40,538.952487
-3.85,34,539.050192
26.05,40,539.164108
24.7,51,539.313767
9.7,7,539.333557
16.7,107,539.637301
10.0,1,539.64018
24.85,52,545.894941
20.25,80,546.133614
-40.95,392,547.255272
25.8,45,547.384542
23.55,74,547.603799
24.4,69,547.804887
22.45,80,548.03597
5.0,1,548.038913
23.5,67,548.232622
21.35,66,548.422649
21.5,87,548.670953
19.9,39,548.784902
25.55,46,554.859612
18.45,28,554.944759
20.8,25,555.020968
21.65,68,555.228917
-2.1,3,555.23755
25.25,48,555.383172
19.05,100,555.688488
15.55,10,555.719744
25.2,53,555.881042
20.45,92,556.160964
26.35,34,556.265877
22.75,74,556.498908
-3.55,32,556.597131
25.25,48,556.745063
15.25,16,556.794598
25.35,54,556.961319
5.9,3,556.97016
26.1,39,557.091921
26.25,36,557.205094
5.95,2,557.211212
23.6,57,557.387749
22.7,75,557.612465
-7.45,74,557.849064
18.55,106,564.071177
-2.7,15,564.117194
25.25,52,564.279186
16.8,25,564.355921
25.25,52,564.521154
17.25,16,564.57165
12.0,157,565.060355
17.1,19,565.118565
23.4,69,565.342156
11.55,10,565.375509
19.45,104,565.719919
23.15,82,565.995576
23.8,33,566.103143
20.3,87,566.373189
22.2,65,566.571699
25.8,45,566.708596
24.9,55,566.875875
25.4,53,567.038502
24.2,53,572.96826
13.85,4,572.979744
20.3,95,573.255839
-2.0,1,573.258561
1.85,156,573.708497
20.85,88,573.995291
25.05,52,574.167093
25.45,44,574.326253
23.7,79,574.583024
13.65,8,574.607718
25.2,53,574.769296
22.85,72,574.988117
25.6,49,575.140172
25.25,48,575.30376
23.45,56,575.488194
25.2,49,575.654471
-2.0,1,575.657737
23.45,60,575.845752
24.7,59,576.04718
19.05,20,582.106465
25.8,37,582.209592
24.8,53,582.364238
-2.5,11,582.394115
8.0,1,582.397328
23.75,66,582.58496
25.0,53,582.736703
24.35,54,582.88794
24.7,55,583.050322
25.55,42,583.169272
23.15,58,583.343682
21.25,64,583.611688
7.95,2,583.62096
25.6,45,583.807566
24.9,59,583.986488
22.3,35,584.097326
23.3,71,584.311088
24.15,70,584.515625
24.5,59,584.689616
24.3,51,584.837254
24.85,56,584.99492
21.95,82,590.976847
26.25,36,591.077489
15.6,129,591.49127
16.85,20,591.557124
21.1,79,591.8174
22.5,75,592.047684
25.05,44,592.182149
24.15,58,592.361088
-9.65,74,592.590348
24.3,51,592.747643
25.15,54,592.912608
17.35,102,593.234943
25.3,51,593.396033
23.05,88,593.668827
-3.8,29,593.756297
22.2,81,594.002081
11.6,9,594.029766
22.95,70,600.113954
24.85,48,600.247736
25.2,57,600.406702
-2.9,11,600.43784
22.9,83,600.66216
25.5,51,600.799542
-2.0,1,600.930191
-3.45,30,601.018038
-104.85,450,602.524437
-10.2,401,609.451824
8.6,189,609.990433
-7.7,223,610.627026
13.9,163,611.127832
13.4,157,611.615748
19.75,114,618.108271
25.35,74,618.328849
19.0,101,618.618884
-2.0,1,618.6218
22.55,54,618.777035
25.55,78,618.998125
19.1,119,619.350967
18.95,118,619.706404
-7.8,357,620.793943
26.45,56,620.964551
25.6,85,627.289837
9.7,7,627.30906
11.9,3,627.317794
22.45,80,627.53942
-3.85,30,627.621798
25.3,71,627.824327
27.6,45,627.949437
25.85,60,628.117492
24.4,73,628.32024
25.7,55,628.486923
25.6,77,628.719142
28.85,24,628.792579
14.8,145,629.234253
22.7,91,629.509306
-2.2,5,629.524332
5.0,1,629.527416
24.85,72,629.747499
25.1,75,629.978959
26.75,62,630.171684
22.5,91,636.433166
25.1,67,636.642113
26.1,59,636.82502
14.95,22,636.893895
-16.15,284,637.766443
22.25,92,638.049937
11.75,6,638.068941
20.7,103,638.439924
-2.7,15,638.494574
15.55,10,638.522236
15.4,181,639.076887
26.65,64,639.273851
28.3,35,639.381264
27.05,60,645.990534
22.9,63,646.186828
24.35,74,646.41012
20.65,112,646.74862
22.5,111,647.087637
23.9,79,647.33167
26.7,63,647.5339
13.85,148,647.989274
28.0,41,648.114566
26.0,61,648.304711
25.45,68,648.517617
5.95,2,648.524049
11.95,2,648.530509
21.45,92,648.817914
27.3,47,648.964268
26.5,67,655.333114
9.85,4,655.345593
-16.4,129,655.757061
6.0,1,655.760878
25.95,70,655.978547
28.15,34,656.084211
26.25,68,656.295387
24.9,83,656.548518
26.6,53,656.711176
27.1,47,656.855551
19.5,111,657.189109
25.4,69,657.388869
19.2,17,657.438409
22.8,85,657.705797
19.8,97,658.010187
20.85,88,658.283242
5.0,1,658.286461
24.3,91,664.318893
9.95,2,664.324581
25.05,72,664.529313
23.95,74,664.739331
11.3,195,665.299238
27.4,45,665.431717
18.4,141,665.838415
25.8,69,666.035904
24.9,79,666.269267
26.65,60,666.471016
17.55,10,666.505788
-3.05,22,666.580396
21.55,118,667.016077
27.05,60,673.667256
27.15,50,673.811153
26.6,65,673.995751
26.0,61,674.169767
16.8,25,674.240982
26.2,61,674.41923
24.9,71,674.633381
-3.3,27,674.715639
21.65,100,675.020107
-36.2,417,676.223775
24.75,82,676.432328
27.15,58,676.580334
21.8,105,682.487545
24.65,76,682.702354
-4.6,45,682.832642
25.65,64,683.013231
27.25,48,683.149085
26.15,66,683.346946
28.35,34,683.448952
24.7,63,683.637458
15.3,15,683.681483
24.55,26,683.760334
26.8,49,683.906682
7.25,144,684.344767
25.65,76,684.579488
16.2,137,685.02994
26.45,60,685.225411
15.45,12,685.263838
25.9,75,691.360456
17.25,16,691.406347
-2.75,16,691.45123
25.95,70,691.647034
22.8,93,691.910919
27.6,45,692.043031
25.2,85,692.298923
-2.0,1,692.301891
-20.7,115,692.651425
-23.9,163,693.147105
27.55,46,693.288516
25.65,68,693.491959
23.2,77,693.721751
-6.35,56,693.890739
26.75,50,694.042919
22.5,75,700.32509
26.55,54,700.490921
9.8,5,700.505839
5.0,1,700.509557
-1.0,237,701.194517
27.0,53,701.412483
25.25,76,701.651034
9.8,5,701.666186
-14.55,284,702.533248
7.85,4,702.545697
24.1,79,702.788507
-2.0,1,702.791687
11.9,3,702.801167
24.1,83,703.059547
26.45,64,703.258551
26.25,68,709.580994
7.95,2,709.586908
-3.2,25,709.663584
24.85,68,709.873236
25.1,63,710.073877
25.6,73,710.279654
20.75,106,710.578978
24.25,72,710.783673
24.1,87,711.043715
25.95,66,711.254515
-2.45,10,711.285692
26.6,61,711.475725
22.9,91,711.7403
26.8,61,711.909361
26.9,55,712.061156
23.45,92,712.320111
27.25,52,712.472459
-3.1,235,719.005069
19.0,21,719.065169
14.7,23,719.134839
15.5,175,719.636395
27.45,52,719.782154
21.55,114,720.11999
25.25,72,720.3404
24.35,66,720.542142
23.35,62,720.733815
26.05,68,720.942687
24.7,75,721.173787
5.0,1,721.176935
-2.65,14,721.21971
24.85,72,721.44098
-3.2,25,727.626534
26.8,61,727.797049
11.8,5,727.810843
5.0,1,727.813723
26.75,62,727.986962
22.15,106,728.287652
11.7,7,728.307541
7.75,6,728.324543
27.55,50,728.465771
-2.0,1,728.468799
27.6,45,728.590795
24.55,78,728.79711
23.55,46,728.918818
23.75,82,729.139527
14.4,137,729.528658
-2.85,18,729.581192
17.1,19,729.634663
27.85,40,729.749791
27.7,43,729.870895
21.55,118,730.2586
26.75,66,730.442971
-2.0,1,730.44582
21.8,45,736.381886
15.55,10,736.41226
22.05,108,736.761865
26.5,63,736.97578
25.15,70,737.2086
-3.55,32,737.316605
26.4,61,737.507872
20.8,21,737.571883
21.7,99,737.874131
20.3,35,737.977302
27.55,46,738.118537
11.7,7,738.139793
9.8,5,738.154396
26.6,61,738.338165
-6.0,53,738.498971
24.1,91,738.821527
27.2,57,739.004215
25.5,43,739.141624
21.9,55,739.309418
9.75,6,739.327378
9.95,2,739.33356
27.9,43,739.462932
23.85,96,745.664631
27.85,44,745.801551
11.9,3,745.81122
25.4,49,745.960954
27.7,43,746.090473
5.9,3,746.100259
23.1,51,746.269398
26.15,78,746.534728
2.15,238,747.345733
25.85,64,747.563586
27.6,49,747.758599
26.45,56,747.943448
23.4,49,748.095057
26.9,55,748.267986
-3.5,15,748.312521
25.25,72,748.532198
11.2,153,755.04389
21.35,86,755.287255
22.1,95,755.557583
24.55,70,755.758923
25.65,72,755.972859
26.65,64,756.15389
23.3,87,756.400409
15.4,13,756.436157
15.3,15,756.478989
26.05,64,756.660679
27.1,51,756.806947
27.85,40,756.924623
21.4,97,757.203937
26.75,50,757.353412
26.85,64,757.541682
27.35,50,757.686952
9.75,6,757.704036
7.9,3,757.713021
10.0,1,757.716035
13.55,10,757.744793
7.9,183,764.749647
14.9,19,764.803938
24.6,77,765.025205
9.7,7,765.045833
-2.85,18,765.097796
-3.25,26,765.173388
25.3,75,765.390252
7.9,3,765.399991
13.6,9,765.427685
-3.75,32,765.528901
17.5,11,765.563257
28.1,35,765.667644
19.35,110,766.025557
27.05,56,766.208271
-16.4,361,767.384472
25.9,71,774.050466
24.85,64,774.223114
20.4,61,774.4055
26.4,57,774.57787
-6.95,64,774.748195
5.6,145,775.130429
-4.0,41,775.249847
-2.0,1,775.252882
22.15,102,775.553105
27.05,48,775.692905
11.7,7,775.713046
27.35,54,775.868243
23.15,86,776.138825
21.6,97,776.44908
-2.0,1,776.452224
-2.0,1,776.45635
24.75,66,776.668221
5.95,2,776.674971
16.3,31,776.771425
20.15,102,783.260307
-2.0,1,783.263237
24.6,53,783.414527
27.75,42,783.526819
15.65,8,783.548254
5.0,1,783.551066
26.8,57,783.701153
16.3,27,783.773258
24.95,78,783.980835
25.85,72,784.166101
26.95,46,784.286638
25.15,66,784.467925
-2.0,1,784.470651
24.65,76,784.679446
-2.0,1,784.682362
5.0,1,784.685143
-3.9,35,784.783207
15.15,18,784.8342
24.15,82,785.065245
-2.6,13,785.10219
9.8,5,785.116675
24.75,82,785.349255
21.4,105,785.636436
25.35,70,785.831944
15.25,16,785.875582
5.95,2,785.881017
25.7,63,792.095476
13.8,137,792.517898
26.4,73,792.744678
25.55,62,792.935463
15.4,13,792.974078
-3.3,27,793.054574
15.65,8,793.080028
26.4,53,793.240128
-5.65,62,793.42993
25.1,59,793.597069
26.1,67,793.785315
14.35,22,793.84766
23.05,96,794.121938
24.75,82,794.367519
24.35,82,794.597846
22.8,89,794.844533
15.4,29,794.939008
22.7,27,801.035994
-2.0,1,801.038654
25.65,60,801.205145
25.9,59,801.370913
16.45,116,801.71683
26.15,58,801.895292
11.6,9,801.922531
9.9,3,801.932239
-6.75,56,802.100425
22.9,75,802.326015
23.95,42,802.451771
20.35,118,802.815206
17.2,121,803.188118
26.1,39,803.307961
27.45,48,803.453476
24.35,74,803.670523
25.3,75,803.893198
5.0,1,803.896146
24.2,89,809.925415
26.75,62,810.10349
19.15,126,810.46641
14.6,117,810.81392
26.6,57,811.0188
26.25,56,811.174369
27.55,50,811.313822
25.85,68,811.502841
25.15,74,811.710848
26.7,67,811.900274
11.5,11,811.929744
27.3,51,812.075361
-0.4,193,812.658959
26.3,59,818.929624
27.15,58,819.09648
23.2,93,819.359217
27.55,50,819.502935
25.6,65,819.686491
27.15,50,819.826113
28.65,28,819.901227
24.9,23,819.963517
20.4,101,820.249899
21.45,104,820.538261
25.0,81,820.765464
25.1,87,821.025843
21.25,96,821.312636
26.4,57,821.480727
25.2,73,821.695964
5.95,2,821.701828
20.55,98,828.004316
-2.0,1,828.007576
27.3,55,828.157026
6.0,1,828.159908
17.4,125,828.506717
27.2,45,828.640128
6.0,1,828.643367
26.45,60,828.820167
27.0,53,828.977151
7.85,4,828.988842
26.4,73,829.204304
26.65,56,829.372796
27.3,43,829.501361
-58.55,512,837.381084
6.0,1,837.38402
20.45,128,837.737546
23.15,110,838.048279
26.65,28,838.127089
25.25,88,838.383749
-127.35,512,840.035909
18.5,119,846.451298
29.25,52,846.608198
26.2,81,846.836272
6.0,1,846.83908
10.85,156,847.290581
28.05,64,847.48475
28.35,50,847.636709
17.25,168,848.145965
26.9,79,848.384981
-4.0,41,848.509309
16.85,24,848.582533
-16.5,159,849.060817
25.5,107,855.432187
-4.1,39,855.541613
24.05,112,855.856997
25.65,88,856.100704
28.9,63,856.276211
19.8,141,856.665417
7.8,5,856.679556
24.9,103,856.965386
11.3,203,857.542085
23.9,107,857.860363
25.65,96,858.141608
22.05,120,864.601129
23.25,112,864.917841
24.1,115,865.239926
13.6,9,865.265562
25.25,92,865.519714
15.35,14,865.556948
25.85,100,865.825043
23.25,132,866.202822
11.75,6,866.220416
17.3,143,866.641526
5.95,2,866.6476
26.3,63,866.843544
27.45,80,867.100987
18.95,22,867.172464
9.8,249,874.372168
27.7,87,874.620849
27.05,72,874.826944
26.75,74,875.035744
28.45,64,875.216406
27.2,81,875.447438
25.6,89,875.709441
22.8,25,875.786331
21.75,134,876.196458
12.9,155,876.67642
27.8,73,883.195681
27.4,77,883.418184
27.25,76,883.640396
25.75,78,883.88769
28.1,59,884.0693
5.9,3,884.078818
15.1,19,884.136914
27.7,75,884.369236
26.0,93,884.665617
-2.0,1,884.669207
21.65,116,885.023459
-5.05,326,886.00646
26.75,78,892.344881
14.95,18,892.397902
14.95,14,892.440125
25.5,99,892.747686
9.8,5,892.762562
24.05,104,893.091504
9.25,8,893.1176
19.55,126,893.503102
-9.05,302,894.372967
25.3,47,894.503534
22.5,115,894.830533
19.7,71,895.054513
7.35,194,901.886256
-2.0,1,901.88972
21.9,131,902.305588
27.25,72,902.527003
24.2,37,902.637991
27.8,57,902.808033
-2.0,1,902.810963
29.75,46,902.950474
27.2,73,903.183098
18.4,29,903.274584
25.5,107,903.616895
22.25,132,904.05775
26.6,81,904.313155
26.9,75,904.556458
22.05,132,911.18095
15.05,20,911.232724
18.3,171,911.674288
28.4,65,911.842686
11.4,9,911.866097
24.95,94,912.110074
20.7,27,912.184101
-3.65,34,912.277952
28.45,64,912.456796
25.45,96,912.725273
7.7,235,913.378105
-2.55,12,913.412212
-3.2,25,913.481895
-3.45,30,913.565408
-4.1,35,913.660868
28.4,61,913.828922
13.55,10,919.737677
25.8,73,919.940742
-2.85,14,919.980163
13.35,14,920.018819
23.85,112,920.348559
26.7,79,920.58531
11.85,4,920.597305
24.8,97,920.89614
20.5,27,920.983895
26.55,70,921.195778
6.0,1,921.198857
24.45,84,921.432509
18.6,29,921.513769
-4.1,39,921.622186
25.25,92,921.895013
26.85,68,922.099761
28.85,60,922.280389
28.7,63,922.473146
5.0,1,922.476956
25.95,94,922.784533
23.3,99,929.098863
26.65,88,929.370692
27.95,66,929.57615
-2.85,18,929.629604
27.7,63,929.817908
28.95,54,929.965312
15.65,164,930.432623
5.9,3,930.441662
25.75,82,930.722009
23.9,95,931.082489
6.0,1,931.086832
27.45,80,931.407413
7.75,6,931.430833
23.75,106,931.784569
-6.75,80,931.984997
11.55,10,932.009353
28.2,65,938.001961
22.5,111,938.312278
25.8,97,938.600521
24.4,101,938.899047
5.95,2,938.905015
18.2,133,939.306315
26.25,80,939.547168
22.5,127,939.933578
7.75,274,940.73613
14.9,55,946.849213
23.4,101,947.114867
24.25,108,947.400014
25.6,97,947.664248
21.0,121,947.993458
27.95,70,948.190711
23.8,113,948.517405
-2.0,1,948.520356
28.2,73,948.757277
23.25,108,949.108057
26.15,74,949.347037
17.5,11,949.38235
25.0,93,949.674303
24.6,97,956.202457
26.85,80,956.426989
-27.05,498,957.853151
26.3,79,958.105293
-2.95,20,958.162889
26.4,93,958.42642
27.75,70,958.621895
28.55,54,958.772028
26.15,94,965.017518
25.45,108,965.319451
25.1,95,965.585867
24.4,97,965.869547
11.55,10,965.899901
21.75,130,966.306253
23.45,108,966.666531
13.9,155,967.144379
25.65,84,967.396227
22.0,117,967.743396
26.45,76,967.968716
22.0,113,974.35869
24.6,93,974.648706
28.0,77,974.886868
21.3,15,974.932297
26.35,82,975.19302
24.3,95,975.511416
23.65,60,975.71167
26.25,76,975.960045
28.7,55,976.141602
15.65,8,976.16845
23.05,104,976.493173
-7.1,287,983.552845
27.95,70,983.754301
20.4,33,983.847816
28.35,70,984.044842
27.65,76,984.263017
-6.4,269,985.029541
28.25,64,985.212858
23.0,117,985.55005
26.85,88,985.83573
-2.15,4,985.848956
15.1,19,985.910875
27.65,76,986.161945
14.4,165,992.999852
21.95,34,993.097081
27.0,73,993.313379
27.6,57,993.473717
25.85,72,993.677171
28.8,53,993.831188
-6.6,53,993.980309
22.0,101,994.266899
22.3,103,994.572552
19.0,21,994.633844
26.95,86,994.878199
27.3,55,995.036051
26.0,85,995.292084
26.4,77,995.518879
29.4,41,995.636245
-77.35,512,1002.880024
28.4,65,1003.074741
26.6,77,1003.306192
-3.65,22,1003.372164
-3.05,22,1003.438914
26.55,78,1003.68512
20.55,110,1004.028605
27.15,90,1004.294649
28.2,61,1004.484876
28.1,67,1010.710125
25.8,97,1010.975678
27.95,78,1011.194869
23.6,93,1011.457938
29.6,45,1011.582267
-70.95,512,1013.256035
-4.9,55,1013.441228
27.85,72,1013.670944
27.2,65,1019.749217
20.45,32,1019.841773
20.85,24,1019.907596
22.65,104,1020.189307
18.6,29,1020.269229
28.8,65,1020.447805
17.0,21,1020.503669
5.0,1,1020.506278
22.0,117,1020.848212
28.8,49,1020.99049
28.7,67,1021.173993
23.65,44,1021.294795
19.6,129,1021.663078
27.85,76,1021.913317
18.8,125,1022.343152
28.55,62,1022.552191
22.15,58,1022.731215
23.3,103,1028.9163
29.05,56,1029.073003
-2.5,11,1029.104186
22.65,116,1029.43664
26.4,85,1029.675841
-4.6,37,1029.790171
29.4,53,1029.953998
25.95,94,1030.259513
5.95,2,1030.266793
25.25,88,1030.599437
23.05,20,1030.672312
19.2,17,1030.733067
29.25,56,1030.94278
29.1,59,1031.157603
25.9,95,1031.503336
20.8,121,1031.902746
28.75,62,1038.166709
28.95,50,1038.32336
27.3,79,1038.575865
28.1,71,1038.81013
15.2,121,1039.215837
27.25,76,1039.45001
19.15,18,1039.504516
26.8,85,1039.758445
25.1,103,1040.07102
11.65,8,1040.095258
25.85,88,1040.3626
24.95,22,1040.430511
9.15,198,1041.072535
25.05,84,1047.267654
28.5,67,1047.463491
29.3,55,1047.624259
25.8,93,1047.900074
13.6,9,1047.925743
13.3,15,1047.968088
27.7,67,1048.157561
17.85,44,1048.283607
15.25,16,1048.328616
13.15,18,1048.380084
24.1,107,1048.685459
29.3,55,1048.851495
15.5,11,1048.883105
24.9,87,1049.139346
24.6,105,1049.465368
-8.8,61,1049.659343
20.6,137,1050.094438
21.9,111,1056.536843
27.05,88,1056.794789
10.0,1,1056.797888
26.75,90,1057.059774
24.1,103,1057.357569
25.55,90,1057.617507
23.2,101,1057.905733
28.9,55,1058.064872
24.4,97,1058.346876
19.85,120,1058.692036
29.05,56,1058.855292
-7.45,342,1065.999379
20.25,116,1066.328248
24.45,108,1066.639118
25.55,86,1066.88273
27.65,64,1067.068775
27.9,39,1067.182099
13.4,13,1067.219654
25.25,92,1067.494672
16.55,162,1067.983487
-19.85,134,1068.434571
20.9,91,1075.086639
28.3,71,1075.286005
27.05,88,1075.536016
29.15,58,1075.703555
7.9,3,1075.712014
22.8,97,1076.007989
21.65,108,1076.339583
9.65,8,1076.364037
5.95,2,1076.370468
13.4,13,1076.410799
19.2,17,1076.463992
23.15,106,1076.787506
-1.4,245,1077.530416
-3.15,24,1077.604585
13.65,168,1084.305756
27.3,71,1084.49598
28.05,68,1084.665858
28.65,64,1084.818962
25.0,77,1085.020303
27.8,73,1085.214139
5.95,2,1085.219671
11.7,7,1085.237639
25.15,102,1085.509894
25.85,84,1085.738606
20.45,132,1086.098735
-5.0,49,1086.227033
23.45,96,1086.4841
13.8,5,1086.497477
28.75,66,1086.674288
25.4,93,1086.932017
26.1,83,1093.51515
28.25,72,1093.719519
29.2,53,1093.871756
28.75,58,1094.035684
28.5,67,1094.224483
23.85,104,1094.519603
24.6,49,1094.655281
29.05,56,1094.828745
29.3,51,1094.993079
27.6,53,1095.163385
-2.45,10,1095.194185
28.35,66,1095.399177
26.05,68,1095.610985
9.7,7,1095.632584
18.8,25,1095.710734
26.25,92,1095.995677
7.85,4,1096.008032
5.0,1,1096.011259
28.85,60,1096.196645
28.2,65,1102.915769
22.75,26,1103.028013
19.65,124,1103.516341
29.45,44,1103.693293
17.7,115,1104.056284
27.8,65,1104.203997
5.35,230,1104.819843
28.05,60,1104.997941
26.0,93,1105.268347
25.35,102,1105.555111
9.65,8,1105.577892
20.15,134,1105.962511
22.9,91,1112.261492
28.45,68,1112.457557
26.55,86,1112.706273
7.95,2,1112.712013
24.15,106,1113.012158
20.65,124,1113.370925
7.9,3,1113.379395
28.2,61,1113.556502
27.25,84,1113.797219
13.65,8,1113.821531
-5.05,46,1113.965394
13.5,11,1113.998482
23.3,87,1114.263086
21.7,115,1114.618794
28.6,61,1114.808473
13.6,9,1114.836423
25.9,87,1121.074543
5.0,1,1121.077401
9.9,3,1121.08659
13.45,12,1121.124132
14.2,21,1121.189006
28.3,59,1121.375934
25.15,94,1121.668893
29.2,57,1121.836837
26.25,80,1122.065444
27.35,62,1122.251967
18.65,20,1122.313974
9.75,6,1122.333404
24.55,90,1122.622385
9.7,7,1122.643786
28.8,53,1122.833134
9.85,4,1122.845511
24.2,101,1123.16162
26.7,83,1123.426798
30.4,33,1123.527092
21.0,21,1123.592351
26.35,74,1123.882214
28.25,36,1124.010228
26.25,32,1124.112923
29.45,52,1124.278417
26.1,71,1130.547727
-60.45,578,1132.634204
-83.85,578,1140.617595
25.95,102,1140.928905
25.8,93,1141.2118
-3.45,286,1142.045142
20.6,29,1142.131337
17.3,163,1142.620395
-5.1,35,1142.726498
27.4,81,1148.947282
27.5,95,1149.214518
19.35,74,1149.423564
6.0,273,1150.1953
-2.5,11,1150.226574
29.7,83,1150.460205
27.35,90,1150.726881
-2.8,17,1150.779219
22.15,146,1151.237111
27.3,111,1151.583393
26.9,91,1157.973008
17.2,17,1158.020581
28.6,81,1158.249847
19.5,167,1158.754793
-7.1,63,1158.949751
28.55,94,1159.239306
-80.05,578,1167.163862
-2.9,19,1167.218748
9.75,266,1168.016481
22.45,132,1168.423175
29.3,71,1168.639853
7.85,4,1168.651122
10.2,193,1169.204355
29.3,83,1169.44099
24.55,130,1169.822214
26.6,109,1170.139034
24.5,111,1176.444205
30.6,65,1176.635684
28.35,86,1176.909911
22.55,142,1177.360943
26.95,86,1177.629432
15.4,13,1177.668973
25.35,130,1178.068239
9.25,244,1178.868093
11.75,6,1178.886998
17.15,18,1178.943094
29.85,76,1179.185386
23.35,126,1185.613307
28.35,86,1185.880508
25.1,139,1186.360505
29.3,79,1186.627619
-21.25,138,1187.060478
26.15,98,1187.366266
-19.4,437,1195.022191
28.7,99,1195.307671
26.75,110,1195.613071
29.6,77,1195.848386
9.95,2,1195.855927
13.4,13,1195.907045
17.05,20,1195.987259
19.0,21,1196.074711
28.45,92,1196.35461
23.65,116,1196.701451
9.75,6,1196.718918
27.8,109,1197.035063
19.4,145,1197.458172
22.1,139,1197.851941
11.35,218,1204.285511
18.65,28,1204.374421
25.95,122,1204.759261
27.4,105,1205.089888
1.4,329,1206.088461
-3.95,40,1206.208794
11.6,9,1206.234967
19.9,139,1206.623138
20.75,150,1212.896129
30.05,76,1213.127137
27.3,87,1213.399598
27.1,95,1213.703569
10.85,264,1214.555009
20.65,28,1214.649025
30.75,50,1214.819185
24.85,124,1215.231303
9.8,5,1215.246845
13.65,8,1215.274013
26.35,118,1215.674066
-27.35,420,1222.516642
11.75,6,1222.532442
21.7,75,1222.735715
20.35,34,1222.829515
5.0,1,1222.832261
-10.65,278,1223.747082
23.85,112,1224.153958
26.75,118,1224.531861
28.25,84,1230.916697
-4.3,39,1231.02944
26.95,98,1231.30006
-3.85,38,1231.407433
29.7,75,1231.616405
28.55,90,1231.88373
19.8,157,1232.35793
13.45,12,1232.393171
-9.3,111,1232.725552
25.6,105,1233.042133
29.85,68,1233.248681
30.1,71,1233.461819
27.65,88,1233.7339
30.05,76,1240.052086
24.8,101,1240.336633
16.5,191,1240.862629
30.75,66,1241.044937
15.45,160,1241.492357
23.05,152,1241.94904
29.65,76,1242.182322
15.25,16,1242.230295
23.0,133,1242.636611
29.65,80,1242.878498
26.25,100,1249.303665
28.2,93,1249.582135
9.9,3,1249.590736
23.25,124,1249.977993
28.9,87,1250.24704
28.6,93,1250.525375
29.2,81,1250.785135
26.3,115,1251.159797
7.8,5,1251.176067
27.5,95,1251.488964
30.35,70,1251.720276
16.1,179,1252.310021
30.05,68,1258.581021
25.35,50,1258.736207
22.75,146,1259.184196
28.7,99,1259.490985
27.85,88,1259.756531
19.2,17,1259.804589
30.25,64,1259.98529
-5.3,59,1260.15955
25.6,105,1260.464544
24.1,111,1260.809145
23.9,111,1261.144115
22.2,137,1267.746932
20.55,126,1268.124035
27.7,83,1268.361099
29.3,63,1268.539201
23.05,20,1268.59661
22.1,35,1268.694952
19.5,167,1269.163793
29.3,79,1269.382229
5.0,1,1269.384973
15.9,179,1269.88924
26.55,94,1270.15834
23.85,108,1270.460104
13.65,8,1270.482691
20.5,55,1276.96785
2.8,97,1277.242704
28.9,63,1277.418142
23.45,128,1277.766867
11.45,12,1277.798303
7.95,2,1277.803642
26.5,123,1278.135882
28.4,85,1278.36558
30.8,49,1278.493896
27.05,96,1278.765171
-9.5,303,1279.627382
31.25,44,1279.754018
10.7,171,1286.190504
30.35,66,1286.392658
27.1,87,1286.660456
30.95,54,1286.820417
27.3,99,1287.122926
27.05,100,1287.424768
30.2,61,1287.607801
29.5,79,1287.847149
15.65,8,1287.870848
-24.6,377,1294.986783
29.5,75,1295.214206
28.25,76,1295.471112
9.75,6,1295.491403
13.5,11,1295.527201
26.75,90,1295.796834
7.9,3,1295.805735
28.2,85,1296.061302
-7.55,64,1296.251318
28.85,96,1296.545724
-12.55,84,1296.810928
28.15,86,1297.098874
27.85,100,1297.41946
21.85,140,1297.873144
20.65,160,1304.337699
29.4,73,1304.560957
23.8,141,1304.987294
27.9,99,1305.297309
28.6,81,1305.541536
30.1,79,1305.776293
27.9,103,1306.092467
28.1,91,1306.366385
28.0,89,1306.631819
27.5,99,1306.937644
7.95,2,1306.943538
25.1,111,1313.152062
-5.15,52,1313.294391
28.65,88,1313.538711
30.35,74,1313.746045
29.35,78,1313.970309
28.05,104,1314.278106
18.8,45,1314.410664
22.65,108,1314.732381
26.1,111,1315.063534
11.85,4,1315.075639
20.35,34,1315.177222
22.75,118,1315.530825
24.8,105,1315.858745
28.9,87,1322.103415
24.2,113,1322.485632
29.3,91,1322.778055
30.1,67,1322.985438
13.65,8,1323.010954
28.15,90,1323.275472
14.6,185,1323.818523
6.15,202,1324.429357
25.75,46,1324.567017
30.15,78,1324.795797
28.55,78,1325.034023
20.3,155,1331.362415
26.7,99,1331.636701
21.3,131,1332.024403
-2.0,1,1332.027574
25.55,106,1332.339237
-2.8,17,1332.389546
28.25,88,1332.663049
26.75,110,1333.000679
21.2,17,1333.050143
23.75,118,1333.396212
21.8,41,1333.516549
28.55,82,1333.756757
31.1,59,1333.930278
30.05,72,1340.11455
-2.2,5,1340.135019
23.75,130,1340.639626
-0.85,302,1341.642278
27.65,84,1341.898959
29.0,77,1342.136146
15.05,20,1342.199688
19.05,168,1342.719903
13.3,15,1342.766499
24.65,88,1343.041152
9.9,3,1343.050091
28.25,100,1349.455395
29.05,80,1349.690491
19.2,17,1349.739719
28.8,85,1349.986547
29.75,86,1350.259202
29.65,80,1350.509177
25.4,109,1350.849232
9.65,8,1350.874486
28.6,85,1351.13015
22.0,41,1351.255994
27.0,97,1351.550332
14.75,22,1351.61849
31.0,61,1351.806002
-2.65,14,1351.848407
31.7,47,1351.993689
30.45,68,1352.196324
26.8,65,1352.397604
-6.25,74,1359.017152
25.65,88,1359.280015
21.8,141,1359.727765
25.05,108,1360.072527
16.95,22,1360.142483
29.25,84,1360.46528
30.0,65,1360.731855
30.65,64,1360.984474
29.1,75,1361.281983
29.0,81,1361.602432
15.55,10,1361.645858
26.0,109,1362.072352
21.4,161,1368.602526
29.45,84,1368.870547
27.95,82,1369.13077
7.95,2,1369.136975
28.1,95,1369.434241
31.55,46,1369.576512
24.4,125,1369.959656
13.3,15,1370.005136
8.9,203,1370.631738
25.35,106,1370.955282
29.35,82,1371.209764
25.3,103,1371.529509
30.85,60,1371.711911
9.7,7,1377.911041
11.8,5,1377.928629
27.9,99,1378.237361
30.35,74,1378.474736
5.3,259,1379.290696
27.75,90,1379.592431
20.55,150,1380.097278
19.4,13,1380.141892
10.15,190,1380.804702
25.5,119,1381.193155
26.25,116,1387.818602
11.5,11,1387.850342
-5.45,58,1388.017604
30.1,63,1388.199739
11.6,9,1388.226731
29.15,82,1388.471001
29.35,74,1388.698053
30.3,71,1388.912416
23.7,127,1389.285034
16.85,24,1389.359535
26.5,99,1389.673752
26.35,98,1389.983459
11.6,9,1390.01285
7.9,3,1390.022513
22.1,151,1390.494196
29.55,86,1397.162552
-3.45,30,1397.250228
29.55,78,1397.485841
5.95,2,1397.492248
7.75,6,1397.511252
27.0,101,1397.830124
30.35,74,1398.063883
20.45,136,1398.487674
30.9,63,1398.676574
9.75,202,1399.308604
27.15,94,1399.600983
30.1,71,1399.818392
16.6,157,1406.032601
29.0,97,1406.373433
20.9,151,1406.839986
28.35,98,1407.174912
24.5,123,1407.589453
20.45,180,1408.154012
16.85,24,1408.226464
27.7,103,1408.545724
24.6,101,1408.880937
22.2,121,1409.312396
14.55,138,1416.063915
18.95,22,1416.134851
17.75,6,1416.152964
-5.65,34,1416.251193
-4.3,27,1416.334313
25.85,64,1416.514223
24.35,34,1416.60595
23.45,120,1416.953368
29.25,84,1417.196187
29.45,76,1417.413857
7.95,2,1417.419705
21.05,132,1417.805495
19.4,133,1418.213581
28.75,82,1418.465286
29.25,80,1425.074977
27.9,87,1425.326836
15.95,30,1425.414755
25.4,101,1425.724653
25.0,101,1426.02654
30.5,63,1426.226359
27.2,105,1426.554045
29.3,79,1426.804681
30.5,71,1427.02971
21.3,135,1427.465514
25.95,90,1427.722481
16.5,179,1434.46475
26.55,98,1434.762599
22.85,24,1434.832843
27.05,108,1435.170648
18.25,36,1435.286913
28.75,74,1435.52824
18.5,147,1436.002913
-3.55,32,1436.100699
28.95,74,1436.323195
29.35,78,1436.542016
30.35,74,1436.750971
27.8,97,1437.018468
13.6,9,1437.044753
18.3,139,1437.466251
26.8,89,1444.179458
13.85,4,1444.192017
30.35,70,1444.4094
25.1,119,1444.780454
22.25,112,1445.124248
27.35,106,1445.454507
28.45,88,1445.726077
26.95,98,1446.021373
7.85,4,1446.033509
7.85,4,1446.045994
26.5,107,1446.379857
-2.0,1,1446.383034
26.6,113,1446.735565
31.65,48,1446.888173
22.65,28,1446.97648
29.95,82,1453.279656
29.95,78,1453.501157
18.0,181,1454.048871
31.0,61,1454.227125
26.5,107,1454.526744
-6.35,52,1454.676811
28.9,71,1454.883102
27.75,90,1455.144039
28.15,102,1455.442933
30.45,56,1455.604078
28.0,101,1455.918876
-5.45,50,1456.073843
29.45,80,1462.600404
11.9,3,1462.609467
28.75,86,1462.876788
27.8,101,1463.192691
-2.0,1,1463.195987
9.9,3,1463.205471
26.35,102,1463.500809
-3.95,40,1463.617161
28.65,100,1463.907011
5.95,2,1463.913443
-4.55,48,1464.0577
23.4,121,1464.424382
11.85,4,1464.436872
-3.2,25,1464.512512
30.2,77,1464.751661
-12.5,115,1465.122932
31.35,54,1465.303736
29.6,73,1465.544266
18.4,173,1472.170659
26.8,85,1472.44602
26.7,103,1472.76652
29.6,73,1472.990541
29.5,71,1473.218998
5.0,1,1473.22207
27.35,102,1473.542541
28.85,80,1473.794626
-2.0,1,1473.797866
30.5,67,1474.020629
9.35,10,1474.051566
29.5,75,1474.28451
9.8,5,1474.300182
27.25,76,1474.536667
26.35,110,1474.872905
9.8,5,1474.887711
20.95,22,1481.170007
-2.0,1,1481.173014
-3.25,26,1481.246835
28.95,78,1481.4748
13.45,12,1481.509439
30.6,69,1481.710166
18.0,161,1482.164237
11.85,4,1482.175867
26.6,89,1482.432434
10.9,27,1482.510836
9.7,7,1482.531025
30.3,71,1482.735648
29.25,64,1482.917815
22.3,35,1483.019593
23.2,133,1483.401972
27.1,107,1483.723987
30.55,66,1483.999968
28.05,72,1490.714612
28.25,100,1490.984868
25.9,95,1491.240194
30.0,65,1491.420249
29.65,84,1491.657326
20.85,136,1492.048373
-3.0,21,1492.108146
30.65,64,1492.291425
9.8,5,1492.305755
26.45,108,1492.613213
9.75,6,1492.630061
18.85,160,1493.08343
28.15,86,1493.340527
14.35,22,1493.410082
30.25,68,1500.072491
27.1,79,1500.309734
27.65,88,1500.5805
20.7,135,1500.999296
13.35,14,1501.04459
21.7,147,1501.50099
29.9,71,1501.713391
28.5,79,1501.936996
30.15,70,1502.140576
30.5,71,1502.384522
29.65,84,1502.666769
27.65,88,1502.939104
24.35,110,1509.182832
27.3,87,1509.427719
9.7,7,1509.446963
30.2,65,1509.631979
-4.8,53,1509.792723
23.55,126,1510.182878
26.0,93,1510.465387
26.35,94,1510.745901
21.2,45,1510.879248
27.4,93,1511.156549
29.0,85,1511.408324
-2.65,14,1511.449419
25.5,115,1511.794469
21.55,46,1512.064153
-37.7,447,1519.94284
-92.95,648,1528.040472
20.95,142,1528.444613
24.0,121,1528.78538
-5.85,42,1528.902046
29.15,98,1529.18057
20.35,146,1529.630432
25.25,140,1530.053854
30.35,90,1530.330148
22.8,25,1530.407069
25.0,145,1530.8531
26.95,122,1537.50744
22.05,164,1538.009081
23.55,46,1538.149926
5.95,2,1538.155864
23.45,172,1538.661938
31.6,49,1538.787722
-0.4,373,1539.82118
15.2,17,1539.871514
31.0,81,1540.101963
11.8,5,1540.11652
21.3,155,1546.43681
30.4,101,1546.723926
26.65,104,1547.015889
24.7,27,1547.091053
30.85,92,1547.350902
28.5,107,1547.655606
-127.25,582,1555.778753
14.05,208,1556.354635
7.85,4,1556.366102
16.35,166,1556.860355
6.15,246,1557.733789
29.45,92,1558.032967
20.85,156,1558.54546
9.9,3,1558.555116
23.15,134,1564.96517
31.25,88,1565.267681
31.15,78,1565.504928
29.55,98,1565.814129
31.6,81,1566.054616
5.0,1,1566.057364
27.75,102,1566.365489
27.45,116,1566.730009
21.05,168,1567.237087
15.15,18,1567.290569
9.85,4,1567.302579
28.95,106,1567.631954
29.15,90,1574.004679
13.85,4,1574.016325
6.0,1,1574.019728
11.55,6,1574.037685
22.35,138,1574.453444
7.95,2,1574.459563
27.45,100,1574.760398
-14.85,318,1575.721713
29.15,98,1576.016526
11.6,9,1576.043701
28.75,102,1576.35493
9.2,161,1576.844227
25.45,48,1576.98488
25.8,133,1583.365424
32.15,78,1583.61023
23.15,162,1584.096741
-6.25,66,1584.296509
7.95,2,1584.302995
-3.35,16,1584.352664
31.9,79,1584.58164
32.4,69,1584.774439
25.8,133,1585.178722
21.9,67,1585.383293
17.15,18,1585.436126
29.8,77,1585.669852
30.75,94,1585.958881
30.25,100,1592.094868
29.5,95,1592.35528
20.4,185,1592.879199
29.95,110,1593.210155
22.05,72,1593.424433
11.7,7,1593.445268
6.9,235,1594.176245
-4.95,56,1594.345048
30.8,89,1594.611783
-24.45,414,1601.94039
21.6,49,1602.10522
22.75,154,1602.632776
22.6,165,1603.189048
30.25,92,1603.471726
7.8,325,1610.352993
10.4,217,1611.060172
24.3,119,1611.583853
6.0,1,1611.589962
19.4,177,1612.179884
29.7,103,1612.482347
32.6,69,1612.692528
-2.0,1,1612.695637
29.15,110,1613.047003
26.5,115,1613.431232
13.55,10,1613.464903
32.35,54,1613.638203
29.25,108,1620.397184
27.2,105,1620.730669
30.4,89,1621.019204
-4.75,52,1621.199158
25.25,132,1621.632761
14.7,15,1621.679782
21.3,147,1622.129358
22.25,160,1622.663355
23.75,138,1623.107615
31.0,89,1629.543476
-6.0,65,1629.748601
-2.55,12,1629.786401
27.35,122,1630.165226
-3.4,29,1630.261013
30.25,80,1630.528257
27.05,56,1630.711671
-10.7,99,1631.027109
13.55,10,1631.06058
20.65,160,1631.582392
17.6,185,1632.174374
19.5,163,1632.670754
23.0,149,1639.422637
23.95,134,1639.837548
32.9,59,1640.019442
28.65,108,1640.355485
28.6,117,1640.747478
6.1,243,1641.550206
29.8,97,1641.851255
5.95,2,1641.857519
25.65,124,1642.237161
17.45,164,1648.775992
22.7,27,1648.858986
27.2,125,1649.249186
27.8,89,1649.526706
30.8,81,1649.772547
31.05,84,1650.030724
19.4,181,1650.58015
30.95,90,1650.853717
7.9,3,1650.862895
25.0,137,1651.294705
-6.45,58,1651.477438
31.1,75,1657.965958
-9.0,289,1658.89457
20.7,183,1659.483036
19.55,178,1659.983929
28.5,71,1660.188293
-2.45,10,1660.216658
-9.1,251,1667.201964
31.25,88,1667.45098
-3.45,18,1667.502085
26.6,137,1667.893127
12.8,261,1668.68805
30.05,92,1669.053005
25.85,124,1669.415047
7.05,268,1670.168334
9.75,6,1670.186653
25.5,131,1676.830002
28.1,103,1677.112304
32.0,77,1677.323049
32.5,67,1677.494562
9.75,6,1677.509678
19.6,169,1677.922417
30.7,99,1678.182555
19.05,20,1678.235411
-5.0,41,1678.340765
-2.0,1,1678.343405
27.3,131,1678.688817
26.3,131,1679.031724
17.6,165,1685.564762
31.95,74,1685.782002
5.95,2,1685.787925
22.6,29,1685.872522
30.6,89,1686.132931
20.45,176,1686.628162
24.75,138,1687.008628
30.75,86,1687.250806
29.85,100,1687.526263
25.75,114,1687.885588
9.85,4,1687.898206
29.0,113,1694.599476
-4.05,42,1694.743661
-2.6,9,1694.776432
28.4,121,1695.156216
16.75,214,1695.820887
27.05,124,1696.174775
30.55,94,1696.438883
27.65,132,1696.815607
9.2,265,1697.569668
29.95,90,1703.846514
17.25,16,1703.894839
9.7,7,1703.918006
23.15,170,1704.463044
-0.2,265,1705.26609
31.65,80,1705.506167
31.75,70,1705.716347
-5.35,60,1705.898434
13.6,9,1705.925899
27.95,66,1706.124191
13.55,238,1713.053931
32.65,68,1713.242785
22.0,153,1713.680813
-12.85,342,1714.805201
32.45,68,1715.034293
7.85,4,1715.047763
5.0,1,1715.051166
17.55,162,1715.591594
30.25,104,1715.912928
31.75,82,1716.159207
7.85,4,1721.829452
29.75,90,1722.102668
11.65,8,1722.126921
17.25,16,1722.174911
30.5,99,1722.473491
26.9,135,1722.884982
26.65,120,1723.249969
-4.3,35,1723.358814
25.95,142,1723.796178
-2.55,12,1723.840838
23.0,137,1724.369509
31.3,83,1724.671167
32.85,64,1724.884946
29.6,97,1730.946011
23.2,153,1731.409652
26.0,133,1731.803639
30.8,85,1732.054644
24.9,147,1732.48826
30.35,98,1732.783978
28.65,124,1733.154535
-5.0,61,1733.337229
-2.85,18,1733.390399
18.0,233,1740.006551
-5.0,61,1740.171916
-3.6,33,1740.262129
30.85,92,1740.516552
20.7,27,1740.594564
28.35,102,1740.894864
28.95,98,1741.18657
20.8,121,1741.555935
20.8,81,1741.820609
29.9,95,1742.143633
29.65,108,1742.515868
19.2,173,1749.64897
13.55,10,1749.679556
26.7,123,1750.04111
-2.0,1,1750.044066
18.9,23,1750.109295
29.15,114,1750.443287
-4.3,47,1750.5766
31.05,80,1750.815093
32.1,71,1751.03321
-17.0,133,1751.444843
21.45,168,1751.937531
24.55,162,1752.407988
30.15,90,1759.033005
28.95,114,1759.377952
-8.5,83,1759.628148
27.95,118,1759.970109
32.1,75,1760.177949
6.0,1,1760.180729
18.55,174,1760.667925
27.15,130,1761.075518
26.7,111,1761.430544
-3.55,32,1761.532986
17.05,20,1761.59465
24.5,55,1761.763344
20.45,156,1768.455342
25.8,121,1768.829394
7.95,2,1768.835187
25.45,140,1769.229067
29.65,96,1769.50397
29.85,88,1769.759316
28.4,89,1770.015559
21.85,144,1770.417428
-73.35,648,1778.457898
27.55,118,1778.796312
24.4,133,1779.173657
26.5,119,1779.516692
15.2,17,1779.570161
27.95,106,1779.893302
27.5,103,1780.221149
21.1,19,1780.286225
32.4,73,1786.822644
28.3,103,1787.158605
25.8,125,1787.533669
-4.05,42,1787.664589
-4.9,47,1787.833431
33.25,52,1787.999416
23.3,131,1788.415804
30.85,92,1788.72285
24.75,142,1789.143648
-2.3,7,1789.162977
29.6,101,1789.467045
6.0,1,1789.470582
27.05,124,1789.846965
29.9,111,1796.324284
25.95,126,1796.660648
15.2,17,1796.707328
15.35,14,1796.744237
24.0,149,1797.173867
28.7,107,1797.537989
30.4,81,1797.794401
31.15,82,1798.053347
30.75,78,1798.292576
32.5,67,1798.487209
13.65,8,1798.512488
28.4,33,1798.614884
29.95,90,1798.898113
21.15,158,1805.721008
19.3,15,1805.769617
14.2,217,1806.453407
9.9,243,1807.210748
17.05,20,1807.272085
25.9,99,1807.595198
31.15,90,1807.926523
32.3,63,1808.133549
-17.15,320,1814.880293
29.4,89,1815.155461
15.55,10,1815.186318
18.45,224,1815.912641
27.3,103,1816.274886
8.35,242,1817.065598
0.45,260,1823.741379
9.85,4,1823.754532
28.85,60,1823.933805
27.0,61,1824.115357
-4.85,38,1824.228122
26.15,110,1824.559757
29.15,98,1824.849605
18.3,35,1824.953166
7.85,4,1824.96455
28.7,111,1825.287522
5.0,1,1825.290359
26.9,111,1825.611288
29.25,88,1825.869646
11.85,4,1825.88134
24.1,139,1826.285837
29.8,97,1826.576655
30.8,105,1832.980872
19.15,202,1833.582471
10.95,10,1833.61201
20.85,172,1834.134439
25.15,150,1834.579673
-2.15,4,1834.591552
27.35,118,1834.941386
32.05,72,1835.154697
32.05,80,1835.391757
22.85,148,1835.834352
28.5,99,1842.197231
32.05,76,1842.425478
30.95,86,1842.683673
27.75,118,1843.040463
19.05,184,1843.597376
23.45,48,1843.741097
29.85,100,1844.121956
30.2,97,1844.448602
31.85,68,1844.669032
-17.85,306,1851.81673
15.4,13,1851.856226
-2.0,1,1851.859887
29.0,117,1852.235796
17.4,201,1852.877389
31.75,62,1853.09139
-2.0,1,1853.094896
30.45,96,1853.404444
31.55,86,1853.652148
29.75,94,1853.923479
29.4,113,1854.253571
31.7,75,1854.486384
30.0,89,1861.100163
13.5,11,1861.131134
29.15,90,1861.385672
16.85,24,1861.454822
29.85,76,1861.671529
28.55,94,1861.940346
30.2,93,1862.204362
29.65,100,1862.490721
30.15,86,1862.757266
13.65,8,1862.782976
32.0,77,1863.01964
28.65,104,1863.337883
19.8,181,1863.896273
30.6,89,1870.2676
30.9,79,1870.509298
28.55,98,1870.792367
20.85,172,1871.314582
20.15,34,1871.421753
25.95,42,1871.545974
22.9,159,1872.076367
31.25,84,1872.357815
19.2,17,1872.412057
25.7,131,1872.814917
11.7,219,1879.529235
22.15,38,1879.628507
6.9,219,1880.225146
13.2,201,1880.787124
27.35,122,1881.153615
26.2,137,1881.584931
26.25,140,1882.098344
31.7,71,1882.35503
31.9,71,1888.436668
30.7,95,1888.723952
15.8,193,1889.319291
20.6,29,1889.417567
29.8,113,1889.77299
32.75,62,1889.965024
31.15,98,1890.268231
15.8,201,1890.895979
30.15,98,1891.231527
27.0,117,1897.697568
9.85,4,1897.709853
30.45,92,1897.973528
29.8,85,1898.237271
12.6,21,1898.296487
31.1,91,1898.573685
16.8,157,1899.061357
32.6,69,1899.274711
20.8,25,1899.352398
23.7,139,1899.778042
26.35,98,1900.082699
28.2,125,1900.469747
28.15,122,1906.87065
-7.8,373,1907.945313
33.55,46,1908.086086
9.75,6,1908.10416
20.25,152,1908.57618
26.15,38,1908.693025
23.4,129,1909.089858
-2.0,1,1909.092762
29.6,89,1909.361728
26.55,106,1909.692081
17.3,203,1916.530117
-3.1,19,1916.580864
23.5,151,1916.984117
26.0,129,1917.347522
26.1,143,1917.756024
23.05,152,1918.186291
30.5,91,1918.439724
25.85,120,1918.772032
23.2,153,1925.196124
29.6,105,1925.497031
26.7,107,1925.800939
15.75,230,1926.48777
24.5,119,1926.826917
9.85,4,1926.83846
21.55,138,1927.290158
20.1,39,1927.416747
13.65,8,1927.441273
32.0,81,1927.689671
30.0,85,1927.958628
23.35,142,1934.543878
27.3,115,1934.90414
5.95,2,1934.910547
25.95,122,1935.294573
18.6,141,1935.721908
-46.9,219,1936.377774
20.3,127,1936.843452
27.25,120,1937.215984
29.05,120,1943.828982
25.15,134,1944.234826
31.9,83,1944.473546
29.0,97,1944.759262
27.25,112,1945.097604
31.1,95,1945.370187
29.5,87,1945.633755
6.0,1,1945.63665
31.8,81,1945.882051
30.05,84,1946.142821
16.95,22,1946.206135
32.5,59,1946.375154
24.65,148,1952.696533
12.0,1,1952.699762
26.3,107,1953.02802
-4.05,42,1953.157989
17.2,181,1953.738575
26.15,94,1954.045341
29.35,86,1954.306868
32.3,59,1954.498415
30.7,83,1954.76693
13.55,10,1954.799563
24.0,145,1955.25726
30.85,84,1955.518431
25.05,132,1961.805797
21.7,163,1962.309078
26.2,109,1962.643478
30.4,85,1962.906803
28.7,115,1963.265735
5.95,2,1963.271973
18.2,25,1963.348236
-6.4,85,1963.610414
15.6,9,1963.636634
26.45,128,1964.050537
9.85,4,1964.062701
25.35,54,1964.229787
7.9,3,1964.239837
32.3,75,1964.467461
31.9,67,1964.66814
9.7,7,1964.688515
27.2,89,1970.969442
23.85,132,1971.336724
32.4,69,1971.527721
26.85,116,1971.875707
32.45,68,1972.079962
23.55,150,1972.517761
31.95,82,1972.758337
29.15,118,1973.102996
28.95,106,1973.416275
-2.0,1,1973.41957
19.45,172,1979.844159
9.3,31,1979.931094
-6.25,82,1980.156645
27.05,116,1980.485389
28.2,97,1980.7535
-2.85,18,1980.804262
27.7,115,1981.116283
29.8,97,1981.383237
-3.9,39,1981.492525
25.85,44,1981.614744
26.9,115,1981.938698
22.35,162,1982.404715
31.55,74,1988.828648
26.8,109,1989.137838
-4.4,41,1989.254595
-3.3,27,1989.331549
32.25,60,1989.514091
29.2,89,1989.795299
32.1,71,1990.010554
32.65,60,1990.196512
16.4,221,1990.876256
32.0,77,1991.111014
32.4,61,1991.29168
27.6,97,1991.589035
30.75,102,1991.916498
23.9,39,1998.182797
14.45,208,1998.762503
-4.7,39,1998.877256
29.45,92,1999.141708
32.9,63,1999.321328
20.7,179,1999.839396
26.95,122,2000.216536
21.7,139,2000.63193
28.2,113,2000.961911
20.95,22,2001.026479
26.0,41,2007.198339
31.35,94,2007.474748
-3.35,28,2007.559645
-15.8,129,2007.952104
-127.45,722,2016.689553
14.4,245,2017.382773
8.0,1,2017.386411
-15.45,478,2018.763023
5.95,2,2018.768894
-11.4,345,2025.956963
5.9,3,2025.965734
11.45,12,2026.002179
16.35,26,2026.080981
27.85,144,2026.510752
16.7,227,2027.186048
8.45,12,2027.222693
29.9,123,2027.596381
24.1,163,2028.088585
-19.1,407,2035.135881
-3.1,15,2035.176401
-7.1,67,2035.362401
9.7,7,2035.382154
14.8,249,2036.103474
26.4,145,2036.562715
29.35,114,2036.922626
27.05,128,2037.324909
-11.1,331,2044.338378
23.35,130,2044.694572
31.2,101,2044.978872
13.45,256,2045.718285
13.55,274,2046.549332
27.75,134,2052.877319
9.75,6,2052.894053
22.25,36,2052.994639
27.0,157,2053.441552
32.6,93,2053.701686
26.75,154,2054.127801
29.85,124,2054.504842
-5.9,67,2054.760175
10.45,248,2055.620118
25.35,42,2061.490561
27.85,144,2061.903643
21.8,193,2062.446343
20.2,33,2062.537388
14.95,42,2062.663587
26.35,146,2063.104076
28.45,124,2063.48014
16.65,220,2064.187248
15.15,190,2070.836701
32.2,101,2071.151379
27.45,144,2071.584271
29.35,114,2071.928913
31.9,107,2072.255485
31.6,97,2072.573213
20.5,199,2073.189107
29.65,104,2073.507027
-6.95,72,2079.861754
31.9,95,2080.140197
29.25,124,2080.516318
30.05,136,2080.937611
17.1,19,2080.996648
7.0,273,2081.854062
7.85,4,2081.866437
28.6,141,2082.298148
28.95,122,2082.670752
24.3,163,2089.333324
28.8,141,2089.797046
34.85,56,2089.994984
31.0,121,2090.393938
26.55,126,2090.765673
29.5,119,2091.103082
27.8,157,2091.555074
-2.0,1,2091.557907
13.5,11,2091.589308
28.65,124,2091.937419
25.35,158,2098.758129
27.25,148,2099.152023
-2.55,12,2099.183625
18.65,200,2099.707605
27.7,131,2100.053668
33.4,81,2100.283391
16.5,23,2100.349095
25.45,164,2100.814274
32.95,90,2101.068118
5.9,3,2101.076395
-3.5,31,2101.166728
31.15,114,2108.006152
-4.65,54,2108.185666
7.65,300,2109.049898
-1.35,368,2110.079231
27.75,138,2110.495223
32.8,89,2110.790168
18.8,197,2117.533289
-7.2,361,2118.541982
26.1,167,2119.008814
33.65,84,2119.244828
30.55,106,2119.540274
23.65,144,2119.96296
29.25,128,2126.322852
31.0,109,2126.654005
23.5,179,2127.199166
25.1,135,2127.625331
8.85,244,2128.399184
29.9,67,2128.607433
33.45,80,2128.875699
-7.2,85,2129.176018
6.0,1,2129.179712
-27.8,425,2136.490134
17.1,171,2137.051435
7.55,314,2138.059607
-7.3,83,2138.328092
30.4,129,2144.752109
25.5,127,2145.136625
22.1,103,2145.451462
10.0,1,2145.454693
31.55,106,2145.788038
11.7,7,2145.81005
7.85,4,2145.823249
20.6,29,2145.91279
19.45,184,2146.482644
21.3,187,2147.064681
25.3,171,2147.591056
13.35,14,2153.566607
28.1,147,2153.970423
31.65,100,2154.248376
24.35,174,2154.75506
20.15,234,2155.549957
28.4,129,2155.974064
20.15,38,2156.137723
30.25,112,2156.534144
33.2,81,2156.797899
32.65,72,2163.073063
25.5,151,2163.498801
23.1,155,2164.063039
12.45,88,2164.39878
27.05,152,2164.946467
22.35,34,2165.074434
26.8,169,2165.658818
9.85,4,2165.672352
27.55,122,2166.062165
30.15,102,2172.41382
8.55,270,2173.246675
31.0,125,2173.632843
-32.6,633,2181.454175
21.75,222,2182.079088
20.75,194,2182.626276
24.3,151,2183.045054
10.3,279,2183.850462
31.85,108,2184.20435
25.3,47,2184.360168
29.85,104,2190.834514
25.45,52,2190.981475
28.2,141,2191.37738
30.75,98,2191.648258
29.2,137,2192.026357
32.35,106,2192.327898
13.65,8,2192.35252
33.95,82,2192.600212
33.75,82,2192.853772
33.35,90,2193.123105
32.65,84,2193.377137
24.2,85,2199.632485
25.8,133,2200.009251
32.0,101,2200.313788
30.3,119,2200.6691
11.1,239,2201.385561
-6.65,78,2201.618421
33.05,96,2201.907446
0.75,294,2209.088778
28.85,112,2209.4171
0.6,253,2210.159597
12.35,34,2210.262771
11.65,8,2210.28712
29.5,123,2210.652719
27.65,132,2211.041306
11.65,8,2211.063067
31.35,98,2211.336883
24.9,171,2211.821293
34.65,60,2218.242203
31.95,78,2218.479355
5.0,1,2218.482418
13.25,16,2218.531619
30.15,106,2218.853823
33.2,89,2219.119217
15.0,21,2219.182766
19.95,22,2219.248986
-5.35,56,2219.421371
21.1,199,2220.019471
20.4,33,2220.120145
20.55,30,2220.211078
15.4,13,2220.250874
30.6,113,2220.598065
11.85,4,2220.610824
15.95,230,2227.475806
33.55,66,2227.661342
26.05,148,2228.08029
-0.85,286,2228.898859
32.8,105,2229.224135
-3.0,21,2229.288129
32.85,100,2229.598541
-6.1,63,2229.785905
20.4,181,2230.302295
29.5,135,2236.926762
-22.6,393,2238.032913
27.75,158,2238.476582
9.95,2,2238.482128
28.45,132,2238.854713
32.8,81,2239.084707
-2.85,18,2239.135985
13.8,193,2245.461749
29.3,111,2245.77707
-9.05,90,2246.033224
33.05,92,2246.301021
20.5,199,2246.875422
-0.6,313,2247.774118
24.9,171,2254.519669
14.25,24,2254.602621
28.25,120,2255.072733
23.35,178,2255.707125
26.8,145,2256.14099
19.45,32,2256.229813
30.9,127,2256.596917
9.75,6,2256.614644
28.9,131,2257.006892
28.65,132,2257.383248
-5.5,71,2257.577304
25.05,56,2263.688973
18.9,23,2263.759973
18.1,215,2264.465969
25.05,156,2264.952053
31.65,104,2265.263414
32.1,95,2265.545747
23.9,43,2265.672474
27.15,130,2266.056517
-4.05,42,2266.182526
-16.75,360,2273.229072
31.5,99,2273.500166
29.75,118,2273.831816
28.85,120,2274.193972
18.55,30,2274.284833
33.85,84,2274.531873
-49.3,707,2282.791593
22.6,189,2283.357685
1.6,345,2284.334674
31.8,97,2284.625633
26.85,148,2291.279486
33.15,86,2291.538539
24.7,75,2291.778108
24.5,167,2292.294618
9.7,7,2292.316511
21.7,155,2292.796373
17.3,219,2293.484455
30.65,112,2293.827468
25.2,165,2300.350296
27.85,140,2300.78918
9.7,7,2300.811277
21.6,193,2301.410086
34.15,74,2301.636758
28.9,111,2301.978709
33.5,87,2302.250337
17.15,194,2302.838566
17.6,253,2309.866666
17.5,207,2310.452197
27.25,160,2310.905687
15.1,219,2311.576126
-3.3,23,2311.647442
26.2,153,2312.118564
32.7,87,2312.341328
29.65,96,2312.578718
-3.25,26,2318.823132
7.35,278,2319.606216
33.75,78,2319.827779
33.2,85,2320.069611
24.6,69,2320.264935
23.2,157,2320.71174
17.2,17,2320.761055
21.4,209,2321.371473
27.85,128,2321.772529
30.05,116,2328.171039
28.3,143,2328.605098
29.25,104,2328.924507
27.5,47,2329.056599
28.8,113,2329.407598
-5.35,56,2329.583525
32.9,87,2329.855944
29.65,124,2330.212173
30.5,123,2330.567646
28.95,142,2337.175552
25.6,49,2337.328071
23.15,154,2337.801723
9.8,5,2337.817052
32.35,94,2338.111605
33.9,71,2338.349882
30.1,87,2338.638746
31.1,107,2338.970789
23.95,178,2339.506261
25.6,153,2339.930695
30.55,122,2346.096707
29.7,119,2346.442059
17.3,15,2346.486601
34.05,80,2346.72764
25.6,157,2347.197582
22.2,165,2347.744042
35.0,61,2347.942682
25.85,156,2348.462678
15.0,229,2349.158017
31.05,104,2355.314585
9.25,240,2355.984172
25.35,170,2356.455592
7.9,3,2356.464518
19.25,40,2356.581489
30.85,112,2356.945441
32.55,98,2357.237016
31.65,104,2357.545727
24.9,151,2357.994801
16.55,186,2364.660141
32.95,94,2364.941241
14.45,228,2365.650127
24.05,156,2366.125213
30.85,104,2366.448796
-2.4,9,2366.477115
27.4,153,2366.961523
2.85,320,2374.072391
30.8,101,2374.382611
33.85,80,2374.631358
31.6,109,2374.970854
-3.1,415,2376.245297
16.85,276,2382.913753
17.5,211,2383.504713
-4.5,43,2383.629391
24.15,186,2384.19823
31.75,94,2384.547958
27.8,121,2384.945577
23.25,168,2385.470407
21.55,46,2391.862931
-5.1,63,2392.043985
23.05,140,2392.429315
32.35,94,2392.767729
10.5,275,2393.558889
31.8,81,2393.796162
28.15,142,2394.246105
34.2,73,2394.474511
26.15,130,2394.877186
31.75,102,2401.377905
32.45,100,2401.659117
-2.0,1,2401.6623
26.6,153,2402.118468
22.25,36,2402.229832
23.35,182,2402.833791
32.55,98,2403.156378
34.4,65,2403.359926
31.6,105,2403.710605
27.2,145,2404.199512
7.95,2,2404.206573
31.5,119,2410.572958
32.7,91,2410.841245
18.7,199,2411.44825
27.65,116,2411.798782
28.75,126,2412.161406
10.5,247,2412.855334
33.8,77,2413.090394
29.35,130,2419.365757
30.15,114,2419.659287
21.25,172,2420.133311
33.3,91,2420.387246
27.35,150,2420.84054
21.2,17,2420.896269
28.6,129,2421.3139
24.25,152,2421.80103
26.85,132,2422.223145
19.05,168,2428.675272
28.1,127,2429.036175
31.45,104,2429.328809
13.35,266,2430.105119
30.1,127,2430.494134
34.65,68,2430.697583
7.95,2,2430.703631
26.7,151,2431.163242
32.95,90,2437.47423
29.3,123,2437.819309
32.65,104,2438.109146
31.75,114,2438.437599
5.95,2,2438.44373
-14.85,94,2438.725602
26.45,144,2439.158315
33.1,79,2439.396623
25.5,171,2439.925205
-7.9,83,2440.182185
25.25,160,2446.865981
-5.35,64,2447.05163
34.6,65,2447.250392
19.45,204,2447.874673
29.35,122,2448.246918
28.85,56,2448.421864
30.5,103,2448.741128
25.85,44,2448.87517
31.25,92,2449.154172
33.9,83,2449.396246
28.6,65,2449.584085
20.35,30,2449.669831
19.05,184,2456.513273
32.4,93,2456.771621
-7.25,94,2457.03042
28.2,133,2457.40366
-3.55,32,2457.492265
32.8,101,2457.797394
11.7,7,2457.819182
11.7,7,2457.840755
29.55,94,2458.129703
25.05,104,2458.429068
11.45,12,2458.462297
29.8,137,2458.861243
21.45,188,2465.85395
-4.35,48,2465.996751
28.05,136,2466.377666
32.35,98,2466.660096
33.85,76,2466.881137
25.8,169,2467.399739
32.15,90,2467.65751
31.9,91,2467.917978
24.3,131,2468.291005
6.4,229,2475.206782
33.25,84,2475.44474
-0.7,327,2476.420516
26.2,157,2476.905845
29.3,115,2477.262184
14.9,23,2477.332982
33.6,73,2477.55678
26.6,121,2484.122528
31.4,101,2484.432423
32.8,89,2484.710801
21.35,14,2484.756063
29.85,136,2485.184914
18.8,205,2485.820018
30.6,117,2486.183869
8.25,260,2486.970734
11.45,12,2487.006356
31.65,80,2493.304866
-5.7,67,2493.499259
31.75,122,2493.852522
-6.25,86,2494.101517
29.35,122,2494.451403
33.45,80,2494.679254
5.95,2,2494.6851
31.25,112,2495.027481
29.0,129,2495.423501
31.05,112,2495.741878
28.8,65,2495.925488
33.3,87,2502.132593
9.75,6,2502.14939
9.7,7,2502.169
32.1,91,2502.433368
26.5,151,2502.865427
28.45,120,2503.207556
29.6,121,2503.55259
30.25,112,2503.887102
20.85,24,2503.968208
19.0,21,2504.043326
5.95,2,2504.049985
28.65,132,2504.54231
26.4,137,2505.007932
17.0,205,2512.01714
-14.7,111,2512.367302
23.35,46,2512.523756
20.85,24,2512.598552
30.05,124,2513.019647
26.4,137,2513.454691
29.45,124,2513.842393
32.05,108,2514.176391
31.55,102,2514.496857
9.05,280,2521.468517
-7.15,84,2521.705833
29.8,117,2522.045171
23.55,170,2522.576972
26.35,142,2523.024204
28.55,94,2523.312351
17.5,199,2523.880373
23.3,151,2530.609834
22.1,187,2531.162546
27.6,117,2531.521258
31.0,113,2531.873334
32.05,96,2532.171012
27.15,102,2532.48519
27.75,134,2532.901255
-7.15,76,2533.136996
17.1,19,2533.196015
33.8,61,2533.384691
17.0,21,2539.550461
30.9,103,2539.842533
14.7,19,2539.896993
16.5,27,2539.97559
9.7,7,2539.995912
9.8,5,2540.011139
30.8,125,2540.375494
29.2,133,2540.755939
29.05,136,2541.136387
32.2,113,2541.459578
32.85,92,2541.721928
31.9,91,2541.978537
7.9,3,2541.987219
-4.15,44,2542.115209
32.25,84,2542.371934
19.1,219,2549.381675
31.15,110,2549.717116
32.8,89,2549.976281
25.25,152,2550.473609
22.6,29,2550.570198
31.85,112,2550.924405
-4.9,55,2551.095524
30.8,109,2551.429848
19.0,21,2551.495867
33.0,93,2551.78635
25.85,40,2551.913953
32.05,100,2558.130578
28.3,143,2558.540268
25.55,162,2559.003635
-2.45,10,2559.032601
32.45,104,2559.332239
17.55,226,2559.974148
15.9,243,2560.709342
9.75,6,2560.729929
32.2,105,2567.424074
-2.85,18,2567.484545
13.95,234,2568.222095
23.65,148,2568.630391
30.2,113,2568.955598
28.15,110,2569.270348
21.5,167,2569.753708
-2.8,17,2569.802486
20.05,184,2576.472747
25.1,155,2576.918573
-5.4,57,2577.082071
6.0,1,2577.084945
33.5,91,2577.346791
0.8,389,2578.499005
24.95,130,2578.903227
31.95,94,2579.195997
33.05,96,2579.561981
22.45,200,2586.393378
31.0,117,2586.728526
34.3,75,2586.930927
30.95,122,2587.266946
23.55,58,2587.425991
-4.0,41,2587.541082
31.45,104,2587.825721
34.25,76,2588.047092
30.05,112,2588.361951
30.9,123,2588.714774
29.2,141,2595.421058
-5.6,57,2595.592834
29.0,129,2595.961612
27.7,139,2596.362498
25.0,149,2596.790689
13.25,16,2596.837162
34.7,63,2597.020054
15.55,10,2597.048888
17.25,208,2597.658713
30.95,114,2604.430878
-5.6,69,2604.62724
-2.5,11,2604.656613
29.3,131,2605.009602
30.85,92,2605.251396
-6.25,54,2605.389598
-47.9,503,2606.736011
31.45,120,2607.089311
29.9,123,2613.604829
33.35,78,2613.828991
31.05,100,2614.12039
12.95,26,2614.197087
-3.0,21,2614.257965
27.6,133,2614.64835
22.2,37,2614.753494
32.4,105,2615.050747
31.45,120,2615.394427
16.05,24,2615.46335
-2.0,1,2615.466312
32.9,75,2615.680225
18.0,185,2616.29731
29.6,125,2623.925655
30.65,120,2624.295607
30.05,116,2624.665088
32.05,112,2625.049549
28.6,133,2625.468292
25.15,162,2625.957668
29.0,121,2626.3145
29.9,115,2626.646175
11.9,3,2626.655094
7.95,2,2626.661106
14.9,231,2632.447014
14.9,19,2632.498616
-5.15,64,2632.672231
30.85,116,2632.985917
14.95,210,2633.630263
27.0,145,2634.044739
28.8,121,2634.375524
7.9,3,2634.383329
21.4,153,2634.797406
33.55,90,2640.586893
32.15,110,2640.865624
32.55,86,2641.080977
25.9,159,2641.483604
26.7,159,2641.923872
30.2,65,2642.109002
29.2,125,2642.424643
-3.65,34,2642.510257
-2.0,1,2642.512778
15.4,13,2642.548443
-6.25,78,2642.766285
-94.55,800,2650.358443
5.9,3,2650.366793
-2.0,1,2650.369373
-22.6,605,2657.192919
12.2,277,2657.913792
20.75,198,2658.415597
21.15,206,2658.946088
14.4,213,2664.982844
18.85,208,2665.645023
34.5,87,2665.968089
-14.4,161,2666.567125
33.9,83,2666.893327
9.8,5,2666.913239
26.5,31,2667.037265
5.0,1,2667.041267
18.65,248,2667.96074
11.7,7,2667.986911
30.3,107,2674.500849
30.55,146,2674.909228
28.9,111,2675.194068
23.5,51,2675.333951
17.35,14,2675.371664
18.8,269,2676.075963
28.05,168,2676.515676
33.95,110,2676.806671
29.35,122,2681.860034
12.4,17,2681.901826
-7.7,87,2682.109366
25.25,160,2682.493406
-35.65,670,2684.1799
24.7,171,2689.897679
12.8,17,2689.938379
9.9,3,2689.945657
-4.7,43,2690.051487
22.4,197,2690.540783
21.05,176,2690.988379
1.35,382,2691.961917
28.55,158,2697.475458
16.8,17,2697.520483
-13.6,145,2697.924212
3.3,411,2699.006951
29.05,136,2699.380239
34.7,99,2699.652598
9.9,3,2699.661105
30.2,37,2699.758289
22.95,190,2705.691427
-6.35,88,2705.938457
33.6,97,2706.215526
31.2,53,2706.365397
29.9,135,2706.761863
23.5,39,2706.867754
34.55,98,2707.129267
-2.25,6,2707.144828
22.35,34,2707.236257
31.05,120,2707.558078
-6.95,92,2707.803148
29.45,116,2708.118989
34.7,91,2713.242589
-2.0,1,2713.245126
17.05,20,2713.293247
5.9,3,2713.302621
27.4,165,2713.706265
22.85,224,2714.256301
20.3,187,2714.7215
9.7,7,2714.740082
26.0,185,2715.207817
-10.15,116,2715.49955
18.55,30,2715.57489
27.4,105,2720.910757
33.45,104,2721.151726
-29.2,397,2722.099932
24.05,208,2722.589509
32.05,100,2722.830768
17.05,260,2728.508555
-39.05,430,2729.596592
5.0,1,2729.598961
7.45,384,2730.554785
12.6,249,2736.149016
20.3,239,2736.740252
9.8,5,2736.754154
31.6,133,2737.100688
7.65,356,2737.995384
29.3,155,2743.396833
27.35,134,2743.708541
26.8,153,2744.091776
-3.05,22,2744.146774
-7.0,85,2744.393188
28.4,161,2744.887881
33.0,105,2745.146622
19.0,21,2745.198556
20.95,158,2745.581981
-17.9,131,2745.912621
26.15,154,2751.260485
16.05,232,2751.826933
9.5,255,2752.462838
22.45,32,2752.540728
0.15,306,2753.299821
32.6,121,2758.67985
26.45,192,2759.161987
34.55,102,2759.420149
29.65,160,2759.824334
32.95,114,2760.112866
-2.0,1,2760.115343
22.2,185,2760.576222
32.9,119,2760.870064
28.45,168,2766.230648
13.5,11,2766.255445
6.0,1,2766.257726
9.55,6,2766.271194
21.75,226,2766.837204
9.7,7,2766.854987
-5.15,44,2766.966784
30.4,157,2767.365638
-9.4,101,2767.609558
-11.1,135,2767.940492
32.8,105,2768.192743
-3.5,31,2768.268312
25.45,188,2773.706283
17.25,16,2773.742184
30.65,124,2774.038784
17.45,220,2774.594886
29.25,136,2774.950297
33.3,127,2775.278682
32.05,124,2775.641364
29.45,152,2776.079144
29.9,143,2781.280372
15.55,10,2781.304131
32.35,118,2781.578754
29.8,133,2781.895493
-43.65,626,2783.515111
29.15,70,2783.697398
35.15,94,2788.986984
9.75,6,2789.004483
32.1,127,2789.382248
-15.25,158,2789.822591
12.55,286,2790.558318
32.7,119,2790.864992
36.7,67,2791.036057
-18.2,409,2796.968295
18.55,230,2797.566649
27.3,171,2798.017747
30.75,146,2798.396147
33.45,100,2798.66274
9.8,5,2798.676985
30.55,142,2799.061273
20.0,197,2804.657797
30.55,158,2805.058722
33.15,118,2805.366509
20.4,197,2805.868951
21.4,201,2806.385352
26.55,178,2811.832359
7.9,3,2811.84001
-11.1,131,2812.154176
35.05,76,2812.336367
26.2,193,2812.809071
28.25,176,2813.262476
18.7,187,2813.742986
-7.4,293,2819.696913
32.8,105,2819.959533
-4.25,46,2820.073305
11.6,9,2820.095566
31.25,120,2820.402076
17.0,21,2820.456168
-4.35,40,2820.558584
20.7,39,2820.655074
-6.95,84,2820.868446
22.1,215,2821.419966
30.2,149,2821.801384
24.55,38,2821.899618
35.2,93,2822.14721
25.0,165,2827.56959
32.0,133,2827.905431
24.4,169,2828.332166
1.6,385,2829.322282
20.75,26,2829.389687
32.9,127,2829.719336
22.5,31,2834.729033
33.7,103,2834.9891
32.1,75,2835.172634
5.65,288,2835.900746
27.65,148,2836.261762
35.55,82,2836.463416
31.2,137,2836.803058
32.5,119,2837.099976
33.7,95,2842.583678
34.1,103,2842.847203
18.7,203,2843.367878
9.65,8,2843.387072
30.25,136,2843.717799
7.8,5,2843.729787
27.05,184,2844.172423
17.3,15,2844.208041
30.3,111,2844.470945
32.2,97,2844.717796
31.4,109,2844.998596
34.4,101,2850.379777
29.0,145,2850.730078
18.8,73,2850.905332
-68.6,709,2852.65984
25.5,195,2858.227776
30.0,133,2858.563977
28.25,152,2858.969127
27.15,134,2859.315584
-10.35,108,2859.594503
25.55,50,2859.723842
17.7,243,2860.340427
5.95,2,2860.345594
31.45,132,2865.631264
28.05,176,2866.091993
13.8,281,2866.795011
-2.6,13,2866.825728
32.0,89,2867.051169
35.05,88,2867.276971
35.15,90,2867.500513
28.95,126,2867.820833
7.85,4,2867.831274
15.15,18,2867.874884
24.75,82,2872.864434
11.75,6,2872.879628
-10.95,472,2874.067975
30.5,143,2874.412799
6.55,310,2875.14858
11.2,269,2880.682627
27.45,164,2881.115262
-8.7,471,2882.398646
13.3,11,2882.42643
28.65,88,2882.650006
-10.25,98,2887.759475
14.3,283,2888.457527
24.45,184,2888.907113
17.1,243,2889.527628
24.65,188,2889.986857
17.15,18,2890.030998
34.55,102,2895.083012
28.55,118,2895.381058
34.25,104,2895.647071
32.8,133,2895.98617
-3.4,29,2896.05991
-5.35,60,2896.212425
9.8,5,2896.225008
-7.95,92,2896.463473
34.05,108,2896.739683
23.35,14,2896.774314
9.9,3,2896.78175
11.4,13,2896.814007
24.0,201,2897.300994
35.25,92,2897.525424
28.2,153,2902.882221
32.75,118,2903.188371
20.65,28,2903.261493
24.25,192,2903.758801
30.05,140,2904.127359
31.25,136,2904.481196
27.7,167,2904.910126
31.75,122,2910.317657
29.95,142,2910.653404
11.75,6,2910.667046
4.25,316,2911.446237
7.8,5,2911.459314
29.7,131,2911.787007
34.0,85,2912.005479
22.15,210,2912.573342
34.0,105,2912.884846
8.0,281,2918.845144
28.45,180,2919.285936
-2.35,8,2919.305778
32.35,94,2919.533233
9.7,7,2919.549445
24.8,177,2919.966121
5.95,366,2926.075277
28.15,162,2926.449165
31.3,103,2926.693642
25.9,163,2927.083503
5.95,2,2927.088639
32.6,121,2927.436294
-4.35,44,2927.569949
31.55,126,2927.940082
33.1,119,2928.29062
33.15,106,2928.599816
5.9,3,2928.608465
17.3,215,2934.07294
28.5,159,2934.476601
34.15,102,2934.749415
33.6,97,2935.013966
-9.2,153,2935.396776
32.45,116,2935.700037
32.6,109,2935.983128
31.35,130,2941.071225
17.9,31,2941.151418
27.5,167,2941.594162
29.5,143,2941.969705
23.95,178,2942.458483
31.5,135,2942.798973
32.5,111,2943.073921
32.05,120,2943.378253
32.05,136,2948.674827
5.0,1,2948.677177
27.0,149,2949.026235
31.55,130,2949.327669
35.7,75,2949.505885
30.8,129,2949.810721
35.0,101,2950.039783
31.25,56,2950.166263
19.1,239,2950.721531
34.35,90,2950.946069
-28.0,453,2956.986089
-0.45,282,2957.690617
31.85,124,2958.028707
27.75,74,2958.224943
8.8,289,2963.962484
23.3,51,2964.099732
23.5,171,2964.523029
30.9,147,2964.893194
29.35,146,2965.262938
29.35,150,2965.637084
-2.0,1,2965.639726
-5.5,71,2965.812836
21.85,224,2971.198606
33.2,97,2971.457041
-2.2,5,2971.469947
37.0,61,2971.631874
32.2,121,2971.9564
36.1,71,2972.143043
31.75,130,2972.491458
33.05,136,2972.862452
-4.15,40,2972.971141
7.9,3,2972.979383
15.85,28,2973.05435
29.9,135,2973.42041
17.5,243,2978.905844
30.0,149,2979.286775
31.0,133,2979.633357
31.15,126,2979.956932
19.25,96,2980.20488
33.95,106,2980.472197
29.85,152,2980.854884
31.15,130,2986.155448
33.65,116,2986.452176
-3.4,29,2986.526788
35.5,83,2986.746771
19.1,227,2987.368548
27.0,177,2987.825377
-43.05,622,2994.453257
28.95,150,2994.914332
22.95,22,2994.970863
33.1,119,2995.267837
28.2,137,2995.61318
29.9,135,2995.951745
33.75,106,2996.214706
20.9,23,2996.271847
5.3,319,3001.927962
32.5,111,3002.187
18.85,260,3002.802273
9.75,6,3002.817985
31.85,120,3003.124005
2.05,260,3003.781345
11.55,258,3009.687273
3.2,329,3010.525738
33.6,121,3010.835726
32.15,114,3011.130149
30.55,146,3011.519841
15.55,10,3011.54588
33.2,93,3016.822589
9.4,329,3017.632014
17.3,15,3017.670847
34.2,93,3017.907105
26.3,35,3017.99326
32.5,115,3018.283481
17.35,14,3018.32038
20.85,24,3018.383862
27.35,166,3018.8149
24.8,177,3019.260489
-7.5,99,3024.476101
32.6,133,3024.815928
30.4,149,3025.192651
21.45,48,3025.316064
25.75,182,3025.769871
5.0,1,3025.772466
20.05,72,3025.947758
34.15,98,3026.186013
33.65,116,3026.465999
-7.55,72,3026.644866
7.95,2,3026.649896
23.85,44,3026.756862
9.75,6,3026.770676
-6.0,77,3032.013794
33.9,103,3032.258333
25.25,52,3032.386873
-2.65,14,3032.421103
23.85,152,3032.777349
35.85,68,3032.938573
-6.1,47,3033.047738
31.95,122,3033.347674
34.8,89,3033.57083
13.5,235,3034.171588
31.0,145,3039.65244
-5.8,77,3039.849586
27.95,138,3040.194022
11.65,8,3040.213449
33.25,108,3040.48438
31.35,134,3040.836684
13.6,9,3040.860521
10.65,248,3041.549788
24.75,158,3041.990067
30.55,146,3047.738733
22.35,206,3048.191792
27.15,142,3048.510896
19.25,212,3048.987082
26.2,173,3049.376403
-6.65,94,3049.593048
30.05,152,3054.862203
33.15,122,3055.148626
35.05,88,3055.369549
26.85,180,3055.853278
29.85,144,3056.217003
-8.85,74,3056.407702
-4.15,44,3056.521375
7.85,232,3057.111755
33.95,94,3057.352674
34.75,98,3062.667206
27.8,157,3063.072896
11.85,4,3063.083213
21.2,65,3063.250674
-30.1,207,3063.777913
30.45,84,3063.9961
35.3,95,3064.238657
-6.75,76,3064.436354
18.7,27,3064.510371
25.85,164,3064.938835
29.4,129,3070.26641
-2.0,1,3070.268803
-13.1,379,3071.235992
32.8,121,3071.538834
17.7,7,3071.55602
15.3,15,3071.592638
18.8,25,3071.653412
-9.2,101,3071.912483
11.65,8,3071.933401
7.8,5,3071.946084
25.7,183,3072.410022
28.1,171,3077.882967
34.1,99,3078.138217
31.85,120,3078.442792
31.65,116,3078.728304
-4.3,39,3078.824331
25.2,161,3079.233944
19.65,228,3079.831459
31.6,141,3080.194321
-2.2,5,3080.207039
33.7,99,3085.447531
18.35,254,3086.111628
27.7,143,3086.497729
-5.2,65,3086.662665
27.6,169,3087.09042
35.35,78,3087.28856
25.4,177,3087.744094
17.8,245,3093.02171
31.75,134,3093.334683
-11.6,117,3093.608606
-171.35,800,3100.607139
15.1,215,3101.199697
32.65,116,3101.523561
32.5,107,3101.818023
13.05,12,3101.854235
27.2,169,3102.294057
6.0,1,3102.296661
25.45,52,3102.427708
-2.5,11,3102.454305
33.8,113,3102.744455
20.0,193,3108.411403
28.3,151,3108.796422
31.1,119,3109.099209
33.6,125,3109.413532
31.9,139,3109.758812
31.2,125,3110.068018
24.45,196,3110.551637
11.55,10,3110.576572
34.1,115,3115.690662
-2.35,8,3115.711057
29.95,122,3116.01596
25.45,52,3116.146862
22.65,220,3116.701026
7.8,5,3116.713176
-3.75,36,3116.803043
32.0,129,3117.131404
34.6,97,3117.377967
20.4,33,3117.46136
34.4,105,3117.726391
17.55,238,3123.242048
27.35,166,3123.653853
-11.3,123,3123.963534
30.9,131,3124.288424
29.5,83,3124.498904
-6.85,346,3125.408757
26.55,174,3130.64248
9.85,4,3130.652701
29.2,137,3130.993784
28.5,131,3131.315085
7.9,3,3131.322589
-5.75,64,3131.480528
32.5,115,3131.766737
29.6,153,3132.152519
32.85,128,3132.472986
-2.0,1,3132.475471
28.85,152,3132.852228
15.55,10,3132.877316
-85.95,768,3139.729856
11.0,277,3145.323153
25.9,71,3145.498287
35.45,72,3145.677645
34.7,91,3145.909696
27.35,158,3146.301761
11.6,9,3146.324607
34.85,100,3146.574693
33.75,106,3146.83675
30.7,147,3147.212403
-27.8,581,3153.505611
32.25,116,3153.805249
30.15,118,3154.097046
28.2,141,3154.451601
28.85,156,3154.839995
13.5,11,3154.86746
23.45,48,3154.988598
32.5,147,3160.447021
31.2,125,3160.768915
15.55,10,3160.793507
22.95,194,3161.316865
31.05,116,3161.612278
34.85,92,3161.848278
36.95,62,3162.00462
26.5,155,3162.392072
32.25,128,3162.702287
15.25,16,3162.743872
15.35,14,3162.779213
23.35,198,3168.977545
32.75,130,3169.249981
-8.55,60,3169.379547
21.85,204,3169.846469
-5.15,52,3169.966585
33.7,103,3170.203606
24.75,158,3170.588637
28.45,152,3170.959405
25.5,39,3171.055354
36.4,69,3176.208066
35.4,69,3176.385435
22.8,177,3176.842741
28.9,55,3176.983185
7.45,16,3177.024596
18.5,31,3177.104564
31.25,128,3177.439408
32.95,98,3177.693853
-2.0,1,3177.696429
31.35,126,3178.026276
23.75,198,3178.575693
5.0,1,3178.579129
32.35,126,3183.777096
32.05,128,3184.112181
30.65,136,3184.472514
1.7,291,3185.23839
30.85,64,3185.396365
15.15,18,3185.440727
33.85,116,3185.739476
-5.55,392,3191.653224
21.65,196,3192.162503
33.3,115,3192.453273
13.6,9,3192.475351
32.05,104,3192.742122
18.8,193,3193.238665
9.7,7,3193.256595
29.6,109,3193.535834
21.85,204,3199.147158
11.6,9,3199.168878
10.25,288,3199.899201
11.15,274,3200.573229
9.75,246,3201.186303
29.0,149,3206.623883
24.45,152,3206.992629
18.2,201,3207.471305
35.15,94,3207.694769
23.4,45,3207.802624
32.05,128,3208.104074
35.4,89,3208.30124
-6.5,71,3208.461005
23.05,216,3213.879476
-12.9,111,3214.154379
-6.2,81,3214.35262
5.95,2,3214.357706
15.35,14,3214.392398
14.95,238,3214.974269
17.2,17,3215.015289
26.35,162,3215.425905
29.6,137,3215.768711
33.05,120,3216.069629
34.95,86,3216.288024
34.85,88,3221.473556
-5.9,63,3221.631405
9.95,2,3221.636497
32.5,131,3221.965844
14.8,213,3222.504963
37.45,52,3222.637822
25.5,191,3223.126515
15.35,14,3223.161856
7.9,3,3223.169434
5.0,1,3223.171948
17.2,17,3223.21463
33.1,119,3223.505846
34.25,104,3223.757465
9.65,8,3223.776868
-22.55,564,3230.225548
-5.15,48,3230.344443
19.25,68,3230.516616
29.75,158,3230.911753
-5.35,64,3231.074902
-6.55,72,3231.254198
20.05,228,3236.742656
30.5,139,3237.095411
-4.6,53,3237.228393
31.45,136,3237.57937
17.5,11,3237.613117
-25.9,455,3238.811653
-6.05,74,3238.990746
5.0,1,3238.993234
25.65,44,3239.099905
20.25,48,3244.194487
19.35,210,3244.705015
34.25,100,3244.94224
30.95,118,3245.218978
22.2,77,3245.405703
14.4,205,3245.911623
13.25,272,3251.36582
23.95,166,3251.75311
26.65,164,3252.136137
-2.0,1,3252.138447
-8.15,68,3252.29753
29.25,136,3252.634695
24.4,189,3253.110156
31.8,125,3253.420205
28.7,119,3253.72403
5.9,3,3253.732151
13.2,253,3259.349829
35.9,79,3259.54841
35.6,65,3259.70444
29.5,87,3259.922734
31.8,141,3260.2759
-7.45,86,3260.489048
35.0,97,3260.723094
-4.45,50,3260.854632
31.15,146,3261.246892
15.3,15,3261.291822
35.35,86,3266.320131
2.95,282,3267.022784
28.15,166,3267.425813
35.3,87,3267.6407
34.25,88,3267.855159
14.2,237,3268.438556
11.8,5,3268.4518
32.7,127,3268.788193
10.2,237,3274.120192
36.25,76,3274.312375
24.8,173,3274.736704
34.1,103,3274.98297
28.9,143,3275.319196
14.75,314,3280.917227
19.1,19,3280.965318
-5.45,50,3281.090312
32.4,109,3281.365023
-5.05,50,3281.492705
-36.85,458,3282.680029
35.05,92,3282.9345
28.05,168,3283.383103
32.55,114,3288.503218
30.6,133,3288.835808
35.85,84,3289.078844
31.15,126,3289.422616
34.2,105,3289.691517
26.4,169,3290.148991
25.75,102,3290.424194
30.1,143,3290.991983
22.3,59,3295.955346
25.75,162,3296.387205
32.0,137,3296.74912
-6.0,417,3297.797122
34.05,116,3298.089173
-150.95,800,3304.920501
34.9,87,3305.145554
11.4,13,3305.180245
15.1,19,3305.226487
21.95,206,3305.757501
11.85,4,3305.767907
32.6,113,3311.034642
29.1,87,3311.247032
18.3,223,3311.815841
34.2,89,3312.041539
33.2,109,3312.319839
29.9,139,3312.678079
29.85,100,3312.935244
24.0,205,3313.458071
-2.95,20,3313.512678
22.35,54,3318.54545
4.45,324,3319.3621
26.9,151,3319.731487
9.15,10,3319.756396
25.35,158,3320.149561
-3.45,30,3320.224369
32.25,124,3320.536386
31.0,101,3320.792809
33.5,111,3325.962084
34.0,97,3326.208163
36.1,75,3326.398015
20.5,247,3327.018892
29.25,132,3327.351801
-2.0,1,3327.35436
-2.5,11,3327.382373
-12.2,117,3327.680087
32.45,120,3327.981387
32.95,102,3328.231324
34.25,108,3333.280889
32.85,108,3333.55307
19.05,20,3333.602814
33.4,109,3333.872986
22.35,170,3334.294573
13.45,12,3334.324932
-4.0,37,3334.417771
-2.7,371,3335.315428
6.0,1,3335.317851
28.3,35,3335.399518
29.45,128,3335.729888
5.95,2,3335.735683
28.95,118,3341.182827
32.6,109,3341.466392
33.55,110,3341.761487
36.15,78,3341.966443
11.65,8,3341.98666
32.95,106,3342.267384
27.0,169,3342.69953
30.45,148,3343.085306
-5.0,53,3343.23373
11.75,6,3343.249583
35.0,85,3343.47906
32.0,121,3348.822159
23.4,193,3349.313678
24.0,41,3349.422312
21.85,176,3349.865273
26.65,192,3350.352973
17.55,26,3350.417008
24.7,63,3350.570045
16.9,23,3350.625285
36.1,75,3350.808547
35.45,84,3351.019431
29.45,152,3356.447189
30.75,142,3356.829355
28.8,141,3357.215557
33.25,112,3357.518565
-7.65,62,3357.682181
31.9,119,3358.01377
22.35,34,3358.103821
18.75,26,3358.177412
28.7,163,3358.660761
-10.45,98,3358.934913
16.1,27,3359.006887
32.5,99,3364.474473
10.65,236,3365.046914
34.1,95,3365.278607
33.05,120,3365.588608
31.75,130,3365.898477
-2.05,2,3365.903252
8.0,1,3365.905753
3.3,279,3366.585374
32.85,120,3371.868518
26.95,146,3372.274785
33.0,121,3372.590171
33.4,113,3372.888185
23.0,181,3373.350212
34.0,105,3373.626867
23.0,165,3374.099772
33.4,117,3374.418664
28.25,128,3379.683907
25.85,176,3380.126724
-8.15,96,3380.35907
23.25,156,3380.728728
18.8,209,3381.230264
31.8,133,3381.568358
28.55,102,3381.83354
15.5,11,3381.868498
34.75,90,3387.066996
5.9,3,3387.074529
32.7,107,3387.336911
25.85,176,3387.791227
14.4,193,3388.298132
33.05,104,3388.578963
33.95,102,3388.841403
33.9,115,3389.12872
28.1,139,3389.470417
30.9,123,3394.382205
17.05,244,3394.998024
33.5,87,3395.217025
-3.75,36,3395.309832
29.65,152,3395.717731
22.45,32,3395.800946
32.25,108,3396.075897
33.3,119,3396.372869
32.65,124,3396.680398
14.5,15,3396.719462
26.2,37,3401.729605
11.8,5,3401.74295
18.55,30,3401.815986
35.05,84,3402.027407
28.25,148,3402.393467
33.5,107,3402.66719
32.9,115,3402.954878
24.15,170,3403.388082
32.6,121,3403.68812
27.6,45,3403.8011
9.85,4,3403.811255
-6.8,313,3409.503209
6.1,275,3410.175701
18.65,28,3410.246559
23.7,203,3410.749626
31.25,136,3411.077376
33.4,121,3411.371611
11.5,11,3411.398166
30.15,146,3416.566379
28.75,146,3416.969913
15.15,266,3417.683319
34.3,99,3417.954365
32.85,120,3418.278367
27.1,127,3418.613397
-3.1,23,3418.672976
-18.35,312,3424.496029
11.6,9,3424.518129
33.5,123,3424.821954
28.6,145,3425.174269
17.05,20,3425.223553
35.2,93,3425.449331
23.5,195,3425.962952
24.15,166,3426.462615
31.75,118,3426.811015
31.05,144,3432.14588
26.05,156,3432.573557
31.45,124,3432.940293
4.45,280,3433.710367
30.85,148,3434.098911
26.6,173,3434.546758
34.55,102,3439.817293
19.3,35,3439.899025
26.35,142,3440.23547
17.9,27,3440.298267
29.95,150,3440.665527
33.65,100,3440.917585
31.9,119,3441.210407
29.6,133,3441.534198
32.4,113,3441.80959
-17.7,503,3448.042189
28.1,167,3448.429932
10.35,206,3448.914641
35.4,85,3449.11615
33.2,93,3449.337185
34.4,89,3449.549626
14.35,38,3449.647404
28.8,141,3454.880889
31.05,144,3455.248305
21.9,191,3455.721193
33.55,122,3456.021353
7.9,3,3456.028698
-3.1,23,3456.084702
33.95,110,3456.344944
22.35,34,3456.424849
5.0,1,3456.427217
-7.5,91,3456.641725
26.5,159,3457.02941
32.45,116,3462.121028
7.85,4,3462.131119
-4.1,39,3462.223645
18.05,224,3462.777858
5.9,3,3462.78567
-5.2,65,3462.953665
29.95,150,3463.331493
33.3,111,3463.596961
27.8,145,3463.949336
26.45,180,3464.392325
5.95,2,3469.58974
9.7,7,3469.6081
-10.7,115,3469.883093
-6.75,60,3470.026543
21.25,44,3470.130908
32.7,111,3470.39377
36.2,73,3470.567275
29.4,145,3470.910509
-4.6,53,3471.031547
7.85,4,3471.040652
4.15,306,3471.766865
27.3,131,3477.035684
19.0,21,3477.085992
31.2,113,3477.356373
11.1,351,3478.224684
31.45,128,3478.544648
34.45,100,3478.790873
28.15,154,3479.179645
23.75,194,3484.578679
34.15,102,3484.832437
9.8,5,3484.845019
33.2,97,3485.081795
30.6,141,3485.417017
34.8,97,3485.638453
32.8,129,3485.936085
11.8,5,3485.947946
26.45,168,3486.409861
33.2,101,3486.686644
18.1,199,3491.884563
35.7,83,3492.08163
8.0,1,3492.084054
30.45,72,3492.265347
30.15,114,3492.566889
29.25,164,3493.008066
18.1,247,3493.622649
32.5,123,3493.964395
26.4,181,3499.368759
20.8,177,3499.828209
6.3,235,3500.443189
35.65,88,3500.68101
-5.3,63,3500.856585
15.65,8,3500.878002
36.35,74,3501.07018
32.8,109,3501.374692
24.95,78,3501.567378
34.8,101,3501.821914
22.0,65,3506.684339
-7.95,88,3506.897895
35.95,82,3507.108396
32.2,129,3507.47157
10.8,37,3507.610629
-6.65,82,3507.939636
32.15,126,3508.437127
31.05,116,3508.773288
32.05,120,3509.077704
32.55,126,3509.378923
26.25,72,3509.5563
32.2,137,3514.359681
34.15,102,3514.621329
30.05,140,3514.98872
28.2,173,3515.438233
9.75,6,3515.453782
7.95,2,3515.459119
33.95,98,3515.712729
27.3,151,3516.136613
30.7,119,3516.467773
22.05,36,3516.564689
31.55,142,3521.938421
35.35,90,3522.162453
32.45,128,3522.47945
28.15,78,3522.675239
32.8,121,3522.975907
33.8,105,3523.237769
18.75,238,3523.827085
11.6,9,3523.849639
32.65,120,3524.150636
22.7,27,3524.218738
23.45,184,3529.629503
18.75,246,3530.241619
21.05,208,3530.762529
24.2,173,3531.200892
31.5,127,3531.508007
18.65,28,3531.574866
35.5,83,3531.783623
33.7,115,3536.796249
10.9,259,3537.384907
33.7,111,3537.643827
33.4,109,3537.906777
35.35,82,3538.100646
33.5,99,3538.335549
21.8,41,3538.432688
33.9,91,3538.644839
9.8,5,3538.657512
17.1,259,3544.176953
31.95,122,3544.481052
29.6,137,3544.822333
24.9,23,3544.880088
-7.35,96,3545.113468
5.9,3,3545.121251
33.65,100,3545.386414
33.6,109,3545.672306
28.9,123,3545.986967
18.05,184,3546.441425
-4.1,43,3551.55964
29.4,141,3551.926067
20.95,194,3552.429775
27.3,171,3552.87369
31.25,144,3553.239632
34.85,88,3553.454642
34.0,109,3553.72281
35.25,92,3553.93121
33.0,113,3558.760197
31.7,119,3559.035764
33.95,94,3559.257202
16.95,274,3559.892826
33.85,100,3560.121169
13.6,9,3560.142013
26.2,161,3560.553544
31.7,127,3560.891718
23.0,189,3566.337468
29.3,147,3566.732283
-3.0,21,3566.789408
34.15,94,3567.03671
5.0,1,3567.039388
26.9,167,3567.454019
29.8,145,3567.841626
24.15,178,3568.30456
29.5,135,3568.642691
31.3,131,3573.809631
15.7,7,3573.825898
28.3,147,3574.177572
32.3,127,3574.478567
15.4,13,3574.508049
12.15,262,3575.119169
17.25,180,3575.553016
22.9,195,3581.036501
28.15,158,3581.427305
-12.35,120,3581.730561
34.7,91,3581.959776
27.8,145,3582.323129
31.55,114,3582.604062
33.85,104,3582.866449
24.5,171,3583.2996
31.2,137,3588.467218
34.0,113,3588.721957
7.9,3,3588.728735
34.3,95,3588.955721
31.65,132,3589.266886
33.1,103,3589.503497
-4.95,60,3589.652542
-6.6,85,3589.863008
33.45,108,3590.147181
25.65,172,3590.616963
32.0,117,3590.932198
18.95,22,3595.877267
28.65,28,3595.947917
18.75,26,3596.010871
32.55,122,3596.303669
21.25,188,3596.776559
-22.6,169,3597.205279
34.3,91,3597.437399
35.95,82,3597.643893
34.85,100,3597.896048
31.6,137,3598.235989
29.2,149,3603.93895
15.4,13,3603.971182
-2.2,5,3603.984073
-2.9,19,3604.035349
18.45,32,3604.116637
34.1,107,3604.379476
34.55,98,3604.626237
22.85,88,3604.830434
26.65,56,3604.964551
31.75,130,3605.308222
35.4,85,3605.531967
29.85,128,3605.856589
35.6,89,3606.078476
16.95,22,3606.13172
17.15,18,3606.176951
26.55,174,3611.387536
35.7,83,3611.597817
6.0,1,3611.600507
-2.85,18,3611.646228
-1.4,381,3612.604583
32.6,121,3612.905319
9.7,7,3612.92354
-10.0,353,3618.635878
29.15,134,3618.952384
23.65,188,3619.397916
20.25,236,3619.983221
-0.75,368,3620.907923
29.9,147,3626.053847
31.2,93,3626.286406
-8.6,105,3626.552303
31.85,124,3626.860662
29.8,133,3627.191561
-17.7,359,3628.115451
22.5,171,3633.839809
29.9,127,3634.163327
35.25,88,3634.390243
7.85,4,3634.400511
18.95,58,3634.546695
5.95,2,3634.552096
33.9,103,3634.835112
34.5,95,3635.085268
22.45,68,3635.264608
-4.35,392,3636.281319
29.45,144,3641.59428
15.7,215,3642.160082
11.75,6,3642.176353
30.8,117,3642.482238
14.0,201,3643.038838
19.0,221,3643.658582
8.0,1,3643.661301
31.25,128,3643.996846
27.8,169,3649.477837
31.05,132,3649.824571
32.05,108,3650.098094
33.7,107,3650.383513
34.35,106,3650.654544
9.65,8,3650.676164
-29.5,183,3651.14691
21.2,41,3651.256804
20.05,208,3657.094636
32.15,122,3657.390316
-2.6,13,3657.422522
36.05,76,3657.619986
15.4,13,3657.652274
21.65,232,3658.260992
33.75,106,3658.541656
32.85,104,3658.79389
28.7,159,3659.202963
27.75,74,3659.395183
34.75,94,3664.61207
35.1,87,3664.850509
19.45,12,3664.88472
11.5,11,3664.915567
29.3,123,3665.244601
28.3,151,3665.659723
17.65,8,3665.681265
19.75,230,3666.326535
30.1,135,3666.712508
33.55,114,3667.023567
21.05,20,3667.078041
33.5,119,3667.401361
17.05,20,3672.673053
13.65,8,3672.692022
15.25,16,3672.730202
32.95,94,3672.957985
29.35,118,3673.244068
33.8,109,3673.517831
28.0,125,3673.846308
31.55,142,3674.214571
19.45,12,3674.245794
5.0,1,3674.248353
24.65,184,3674.728325
24.15,218,3680.364538
31.6,141,3680.729122
29.1,83,3680.944425
29.65,144,3681.31698
-3.55,32,3681.400595
-8.15,92,3681.63804
23.5,203,3682.169541
31.55,122,3682.472254
23.4,45,3682.584387
33.9,103,3682.84053
32.9,123,3688.223112
35.45,92,3688.463241
17.95,30,3688.541743
28.05,148,3688.897701
34.3,107,3689.157922
-7.65,98,3689.388313
35.7,79,3689.574601
32.1,139,3689.926707
34.15,106,3690.189005
35.85,84,3690.398614
-4.1,43,3690.505046
19.25,240,3695.684017
34.7,103,3695.950237
31.3,139,3696.302547
35.95,78,3696.496016
30.25,136,3696.852132
17.25,16,3696.891411
28.7,151,3697.287725
-4.0,17,3697.333872
34.8,77,3697.541216
27.3,159,3702.752832
31.95,130,3703.062148
-3.7,35,3703.146521
12.7,243,3703.732867
35.05,88,3703.95589
30.8,121,3704.258861
19.55,190,3704.749775
34.9,103,3705.015076
34.85,100,3710.183128
-5.8,73,3710.349262
33.85,80,3710.538683
9.75,6,3710.552773
31.85,124,3710.846207
32.5,139,3711.170948
27.65,172,3711.604826
15.2,17,3711.647611
27.7,147,3712.020845
33.85,96,3712.259708
34.75,98,3712.50155
5.0,1,3712.504087
34.2,105,3717.675552
-3.35,28,3717.745941
30.3,119,3718.037735
23.9,43,3718.139956
31.65,112,3718.420954
35.15,74,3718.610291
-7.15,64,3718.772447
22.5,31,3718.849941
28.4,157,3719.239058
34.5,107,3719.508063
33.45,96,3719.741006
8.15,270,3725.237005
32.35,118,3725.535246
30.2,73,3725.715887
34.4,97,3725.959626
32.9,123,3726.269924
-7.35,76,3726.461245
29.45,156,3726.86134
1.65,236,3732.520863
22.7,159,3732.906683
30.8,133,3733.227257
33.75,106,3733.483577
25.9,175,3733.914688
33.25,100,3734.165403
32.2,121,3734.469814
33.3,123,3734.768877
36.1,79,3734.961467
27.5,151,3740.048742
33.5,119,3740.354556
9.85,4,3740.364478
-6.1,71,3740.555049
29.35,122,3740.884869
25.65,176,3741.33585
0.4,277,3742.011752
7.95,2,3742.016746
-2.5,11,3742.044198
35.5,83,3742.254391
30.75,142,3747.573101
22.3,163,3747.972411
32.05,120,3748.286046
27.25,48,3748.412267
24.1,183,3748.904242
33.75,94,3749.149392
25.15,190,3749.643376
24.85,160,3754.898436
26.45,184,3755.338645
26.9,155,3755.716985
30.6,149,3756.11672
15.2,17,3756.173281
31.85,148,3756.65232
33.65,108,3756.952418
-28.65,234,3762.902669
24.25,188,3763.412917
35.25,80,3763.626224
30.45,136,3763.981098
26.3,159,3764.405158
32.55,114,3764.703941
-10.85,134,3765.100472
-3.75,36,3765.190351
27.2,161,3770.568961
32.65,120,3770.857711
20.6,197,3771.365393
15.25,16,3771.407094
-42.65,498,3772.644036
-4.65,318,3778.450287
34.0,105,3778.724035
30.3,147,3779.103612
15.45,12,3779.133428
29.1,59,3779.281212
29.15,150,3779.663319
32.45,108,3779.939267
24.45,184,3780.417588
28.45,144,3785.821599
29.7,143,3786.192243
26.55,30,3786.270949
33.1,107,3786.549352
33.95,110,3786.824168
35.6,85,3787.042703
30.95,138,3787.419961
11.6,9,3787.44345
29.2,141,3787.798511
33.6,117,3788.092363
17.7,31,3788.169172
17.55,10,3788.193958
18.3,215,3793.698088
-11.15,100,3793.960856
33.3,111,3794.245293
36.05,68,3794.421202
22.05,40,3794.523195
30.15,138,3794.878341
21.0,41,3794.985104
33.35,110,3795.272978
31.85,140,3795.631678
32.45,112,3795.922685
-2.85,18,3795.969493
28.6,149,3801.396581
32.9,99,3801.64596
34.4,101,3801.874273
33.95,118,3802.149521
32.35,130,3802.45808
30.1,159,3802.871943
33.1,115,3803.181568
34.15,106,3803.466595
15.3,15,3803.505797
30.4,149,3808.93503
20.8,25,3808.998384
-5.35,28,3809.069355
9.65,8,3809.089043
30.35,146,3809.457999
27.0,169,3809.89545
29.95,142,3810.256052
36.15,78,3810.453092
34.5,99,3810.710984
31.8,125,3811.021328
31.65,140,3816.351603
31.65,124,3816.667076
25.15,146,3817.051092
26.65,172,3817.491785
33.3,99,3817.74741
23.6,49,3817.875835
28.1,131,3818.21308
9.9,3,3818.221
33.15,110,3818.497245
-8.5,55,3818.638877
32.85,112,3824.075294
36.75,66,3824.242486
35.15,98,3824.50081
25.5,175,3824.950579
17.15,18,3824.997952
31.55,130,3825.328078
27.95,158,3825.743611
24.5,203,3826.262634
28.35,158,3831.818018
33.75,114,3832.108318
31.85,108,3832.392569
30.1,151,3832.712361
34.05,92,3832.904378
32.6,117,3833.145761
29.05,124,3833.402557
30.65,128,3833.680895
7.85,4,3833.690276
33.85,120,3833.961068
11.7,7,3833.976412
31.2,129,3839.034653
28.55,150,3839.394333
29.2,149,3839.749672
34.65,92,3839.970311
36.25,76,3840.151012
32.75,118,3840.433812
33.8,117,3840.731335
28.75,154,3841.117208
31.0,133,3846.528491
-9.4,93,3846.764622
25.25,176,3847.21957
33.4,121,3847.528954
21.05,216,3848.079322
32.65,120,3848.387367
34.6,109,3848.660519
30.9,111,3848.943501
-2.0,1,3848.94618
30.3,135,3854.165044
13.2,13,3854.194397
19.45,252,3854.791714
32.25,124,3855.082857
31.15,126,3855.390162
31.7,119,3855.688128
33.4,117,3855.978351
26.15,158,3856.370237
22.25,36,3861.317257
23.65,188,3861.776867
-5.8,397,3862.742151
33.4,125,3863.060203
30.9,127,3863.386163
5.65,292,3869.051881
34.1,99,3869.297818
19.15,18,3869.343247
34.55,98,3869.591903
33.6,113,3869.86901
34.1,91,3870.083443
33.05,112,3870.345901
34.95,98,3870.573595
34.6,105,3870.821171
28.55,146,3871.162789
29.65,120,3876.237618
34.3,99,3876.483409
23.8,41,3876.580477
-70.15,668,3878.223354
32.2,109,3878.51145
15.35,14,3883.353942
29.3,147,3883.700548
26.15,170,3884.105133
32.3,123,3884.385765
-6.95,84,3884.577148
23.9,207,3885.148837
33.45,112,3885.459385
32.7,111,3885.771785
29.5,51,3885.914582
21.3,135,3891.254
32.7,123,3891.543512
31.4,113,3891.807197
34.65,96,3892.033827
28.15,158,3892.40407
-17.2,489,3898.38166
33.7,99,3898.613368
35.35,90,3898.838726
26.75,166,3899.243646
30.2,141,3899.597497
9.25,8,3899.616689
28.95,58,3899.759615
31.15,110,3900.031464
28.8,141,3900.392607
32.85,92,3900.622695
35.1,99,3905.91465
33.75,94,3906.15038
35.6,69,3906.322388
33.9,119,3906.625026
27.55,134,3906.962235
33.8,101,3907.213924
34.0,105,3907.479514
36.55,66,3907.645633
-70.15,336,3913.265327
27.15,170,3913.696337
33.3,107,3913.95971
31.0,133,3914.294806
5.0,1,3914.297355
-2.0,1,3914.422286
33.8,113,3914.708401
26.55,194,3915.186442
24.6,201,3920.424771
24.6,193,3920.882848
14.2,277,3921.557048
32.1,123,3921.855943
27.7,155,3922.235571
30.75,94,3922.472832
26.25,168,3922.883831
-28.8,529,3929.051977
26.7,159,3929.448901
-7.5,99,3929.697176
22.85,184,3930.154955
-7.7,115,3935.395991
18.55,214,3935.927865
34.7,99,3936.178711
31.5,143,3936.531697
7.8,5,3936.544366
25.55,154,3936.920158
36.35,74,3937.092917
19.5,143,3937.430357
5.0,1,3937.432693
29.65,88,3937.645728
33.05,112,3942.843884
11.6,9,3942.867368
24.3,187,3943.326674
34.5,103,3943.583656
23.5,207,3944.137474
25.35,162,3944.548918
-11.0,113,3944.863265
27.9,143,3945.27573
19.05,20,3945.326246
23.75,46,3950.09517
-6.05,82,3950.303418
30.35,118,3950.595494
-2.5,11,3950.623218
31.45,128,3951.002652
-24.3,419,3952.052237
32.4,125,3952.372388
10.25,320,3958.150919
35.2,97,3958.391282
32.95,122,3958.697304
20.7,211,3959.239684
32.9,123,3959.544708
27.1,79,3959.742457
5.0,1,3959.744953
32.8,133,3960.075303
30.35,118,3965.443219
22.1,191,3965.9258
18.9,23,3965.983313
17.15,18,3966.02636
26.2,65,3966.189525
7.85,4,3966.200314
-16.4,109,3966.496191
13.7,7,3966.515205
-11.2,109,3966.809547
28.3,131,3967.153593
7.85,4,3967.164373
30.9,143,3967.537157
18.05,228,3973.062016
33.45,108,3973.310015
32.05,124,3973.604912
34.5,103,3973.854149
29.7,119,3974.132089
-7.65,102,3974.364518
-3.8,13,3974.39765
23.65,48,3974.517069
34.25,96,3974.757213
34.55,110,3975.023406
34.5,107,3975.289027
30.85,132,3980.435335
27.6,169,3980.840397
33.75,110,3981.096334
27.3,143,3981.446814
-6.75,84,3981.65563
11.75,6,3981.669966
-6.35,320,3982.461832
35.5,67,3982.634659
-2.0,1,3982.637316
14.9,19,3987.808783
30.05,148,3988.169972
30.95,142,3988.516267
31.75,134,3988.85558
14.7,239,3989.457989
34.45,108,3989.746396
25.2,169,3990.178171
33.55,118,3995.400247
22.05,192,3995.907235
27.1,175,3996.362233
22.3,155,3996.761267
27.7,163,3997.193525
13.55,10,3997.220611
21.3,211,3997.8026
24.75,26,3997.872845
21.6,201,4003.513548
28.7,143,4003.864305
31.45,112,4004.15922
34.6,105,4004.435296
32.55,98,4004.693944
33.7,119,4005.010916
33.7,91,4005.255519
32.75,122,4005.574634
25.15,198,4011.146547
33.65,88,4011.379777
22.85,172,4011.81391
31.75,130,4012.156979
33.3,119,4012.464108
34.5,99,4012.715511
33.85,116,4013.020011
31.7,131,4013.366863
32.0,97,4018.63353
19.65,216,4019.202511
32.5,123,4019.537319
-8.25,110,4019.831929
5.9,3,4019.839903
22.35,34,4019.930738
30.95,122,4020.248738
33.7,107,4020.532588
20.4,233,4021.148371
13.8,5,4021.161416
28.8,165,4026.401413
32.0,121,4026.713495
12.85,240,4027.309214
-7.9,79,4027.50661
6.6,253,4028.11579
22.95,194,4028.578124
-2.0,1,4028.580496
9.8,5,4033.34277
11.75,6,4033.356521
18.65,28,4033.421638
32.7,111,4033.686926
31.65,132,4034.002343
33.45,108,4034.263656
-4.35,44,4034.370286
34.0,113,4034.647075
29.9,151,4035.026081
7.8,5,4035.038462
30.45,140,4035.389911
7.9,3,4035.397394
23.85,40,4035.496966
34.95,94,4035.731357
18.9,23,4035.786866
-2.9,19,4035.832604
35.6,81,4040.9608
21.55,194,4041.453092
33.7,99,4041.706501
23.75,182,4042.160856
9.95,2,4042.16575
24.5,203,4042.680665
20.75,214,4043.221032
24.0,37,4043.312099
32.15,110,4048.527816
32.0,125,4048.844126
34.85,100,4049.097781
32.8,113,4049.383438
34.3,83,4049.585136
32.55,110,4049.864706
33.9,107,4050.129012
32.75,122,4050.437171
16.3,251,4055.81884
32.2,113,4056.101148
31.45,104,4056.366219
32.7,119,4056.665205
32.9,135,4057.001379
27.5,151,4057.388043
29.2,57,4057.535449
13.7,7,4057.555573
15.1,19,4057.605166
23.95,34,4057.703173
12.0,1,4057.706021
29.95,146,4058.095109
36.0,81,4063.210059
32.5,139,4063.545614
32.3,119,4063.839381
33.8,101,4064.087318
-4.8,53,4064.211915
9.85,4,4064.221669
12.65,264,4064.869054
28.0,153,4065.272645
32.55,118,4065.567384
21.25,52,4070.64461
34.3,107,4070.906358
14.25,292,4071.643917
17.05,212,4072.173257
32.6,117,4072.469484
11.95,2,4072.474813
34.45,100,4072.729745
31.55,138,4073.080127
-6.8,77,4078.073901
33.45,104,4078.336598
11.9,275,4079.024248
27.1,155,4079.419928
7.8,5,4079.432755
-3.9,39,4079.534613
-4.4,45,4079.648286
26.1,175,4080.088849
-5.75,52,4080.224452
31.3,87,4080.444988
23.15,194,4085.883721
25.9,159,4086.280291
32.15,110,4086.560513
-8.05,82,4086.76792
35.7,79,4086.962813
35.4,89,4087.185075
25.35,54,4087.321126
31.85,128,4087.649558
16.8,25,4087.720409
19.1,191,4093.297705
33.15,118,4093.606095
31.3,115,4093.901009
36.0,81,4094.107651
20.65,28,4094.1781
23.6,185,4094.644896
27.95,146,4095.014205
-3.65,34,4095.099219
23.55,170,4095.530568
14.95,18,4095.576532
28.45,156,4100.768314
30.65,136,4101.110877
19.15,18,4101.155354
25.2,193,4101.650979
31.55,130,4101.978663
15.7,275,4102.687701
32.5,135,4103.036938
36.7,67,4103.212123
35.1,95,4108.449663
34.1,99,4108.706421
32.3,127,4109.034792
31.0,137,4109.379035
30.0,129,4109.708979
19.3,191,4110.191227
34.4,101,4110.449768
34.1,99,4110.700994
-7.15,100,4115.928798
30.0,141,4116.271599
35.4,89,4116.4925
35.65,84,4116.700421
35.65,84,4116.911486
30.3,127,4117.241136
32.7,119,4117.548405
-8.05,82,4117.760266
27.8,153,4118.156207
9.85,4,4118.166639
33.25,116,4123.449041
32.35,126,4123.745322
31.9,111,4124.031178
34.75,106,4124.300801
-5.05,62,4124.457469
36.0,77,4124.653447
34.4,101,4124.90261
33.25,120,4125.308557
33.85,104,4125.6099
33.0,129,4125.935905
34.9,99,4131.07748
33.8,101,4131.316642
36.4,73,4131.494828
9.65,8,4131.514426
32.0,125,4131.818083
11.6,9,4131.839929
-8.9,75,4132.026156
33.05,112,4132.315304
33.75,114,4132.611577
30.75,138,4132.95965
34.0,105,4133.230751
28.7,151,4138.574744
33.95,118,4138.883253
27.9,43,4139.002777
32.55,126,4139.331751
13.3,15,4139.368932
-4.7,327,4140.221799
5.9,3,4140.230288
32.3,139,4140.610708
32.6,137,4140.969965
7.8,5,4140.982819
35.45,92,4141.220746
34.35,102,4146.426049
30.25,132,4146.765815
28.95,90,4146.998708
33.15,110,4147.275908
30.85,104,4147.532468
33.6,101,4147.787517
24.5,167,4148.210908
18.8,21,4148.275815
-3.1,23,4148.35283
23.65,188,4153.818843
34.65,96,4154.0777
7.85,4,4154.088349
25.0,153,4154.500558
20.2,37,4154.596623
34.3,107,4154.872211
33.65,120,4155.176151
23.75,34,4155.262563
29.75,138,4155.640038
35.05,92,4155.880577
35.55,86,4156.104341
15.4,13,4156.137626
34.45,100,4156.39265
23.35,46,4161.246696
26.3,35,4161.334753
31.95,122,4161.643539
34.1,95,4161.885688
33.8,113,4162.169003
-5.4,57,4162.318303
31.9,135,4162.666073
32.75,98,4162.93587
24.7,155,4163.342771
34.35,110,4163.621812
29.05,140,4168.950889
-2.0,1,4168.953479
32.55,118,4169.246959
6.0,1,4169.249556
34.3,99,4169.503844
33.55,110,4169.786829
22.4,185,4170.262736
-8.65,94,4170.506446
30.85,144,4170.88011
24.8,153,4171.27128
18.95,186,4176.747328
-3.8,37,4176.842826
30.15,142,4177.20788
-3.55,32,4177.287349
32.6,113,4177.569192
29.7,127,4177.904049
-2.65,14,4177.940621
35.05,100,4178.197154
34.7,103,4178.463272
24.1,191,4178.953396
29.7,143,4184.211544
27.6,157,4184.600816
-5.9,79,4184.79019
35.55,86,4185.005393
29.45,152,4185.481285
26.35,170,4185.93406
19.0,21,4185.988856
20.7,27,4186.059017
25.7,175,4186.542899
-7.35,84,4191.434445
29.35,134,4191.760196
-120.75,800,4193.874624
32.6,125,4199.301552
31.6,129,4199.630958
8.75,262,4200.30358
34.6,101,4200.563484
31.55,114,4200.857448
12.65,16,4200.900682
31.1,127,4201.227665
9.8,5,4201.240968
14.65,240,4206.968247
34.45,104,4207.21892
25.9,171,4207.658212
34.9,103,4207.915141
31.3,139,4208.284391
-2.0,1,4208.286965
35.95,78,4208.494352
35.2,93,4208.739954
32.05,116,4209.04177
-7.0,85,4209.254273
34.55,90,4209.488408
23.8,173,4215.015342
34.8,105,4215.281675
21.15,182,4215.755259
33.55,118,4216.052406
22.25,36,4216.14212
17.7,211,4216.676996
33.6,125,4216.989784
33.75,98,4217.245955
-10.05,70,4222.484159
25.4,189,4222.99469
31.9,131,4223.33573
34.4,101,4223.587539
21.8,209,4224.131791
9.85,4,4224.142302
35.15,82,4224.359775
24.0,197,4224.886436
11.7,7,4224.90497
-5.3,63,4230.075531
16.5,199,4230.550049
11.45,12,4230.579482
12.65,12,4230.607756
32.15,126,4230.93143
31.7,135,4231.265679
33.0,113,4231.56484
25.45,176,4232.027418
-3.45,30,4232.106147
21.85,188,4232.598301
-5.75,372,4238.657623
5.95,2,4238.662927
26.45,172,4239.150551
15.1,19,4239.204491
16.4,29,4239.287894
33.05,124,4239.617898
33.45,92,4239.856032
31.1,147,4240.248352
12.8,17,4240.291501
24.45,164,4245.645344
32.65,128,4245.98043
29.05,156,4246.378415
24.65,180,4246.849058
21.4,53,4246.988086
32.5,127,4247.319481
34.7,99,4247.583806
25.15,58,4247.7358
23.75,46,4247.860322
33.55,98,4253.172202
8.0,1,4253.175112
34.65,104,4253.461284
-2.0,1,4253.464254
32.7,139,4253.836108
33.5,107,4254.112847
19.2,17,4254.157909
33.25,108,4254.442525
34.55,94,4254.688754
35.0,93,4254.934666
32.55,102,4255.201695
-2.6,13,4255.236297
15.65,8,4255.257462
34.4,105,4255.535763
33.6,101,4255.805853
34.75,86,4261.121778
28.4,153,4261.519158
35.15,94,4261.767291
34.45,108,4262.052647
-4.55,52,4262.189992
27.15,158,4262.591624
32.05,128,4262.918343
31.3,91,4263.146608
22.9,183,4268.711501
11.65,8,4268.730232
31.6,125,4269.030165
34.1,107,4269.286325
-5.9,63,4269.443144
34.6,93,4269.682303
18.85,24,4269.745328
29.75,130,4270.086179
5.0,1,4270.088904
29.65,136,4270.451083
30.0,129,4270.795708
24.45,32,4270.886911
34.75,98,4271.157194
10.75,14,4271.192213
35.45,84,4276.525124
31.7,111,4276.818797
30.9,147,4277.215829
26.05,156,4277.62892
33.0,121,4277.943784
9.6,313,4278.764384
34.95,90,4278.991606
33.25,116,4284.391502
29.2,149,4284.752746
31.25,152,4285.138846
26.85,160,4285.54787
33.7,111,4285.831
26.2,165,4286.255334
13.3,15,4286.293981
15.3,15,4286.333048
34.55,98,4286.583794
-2.65,14,4286.620182
34.45,112,4292.022456
30.35,142,4292.361997
-2.0,1,4292.364418
31.7,127,4292.668455
13.8,5,4292.680941
18.65,28,4292.749346
35.15,86,4292.970489
23.1,191,4293.460524
25.7,151,4293.849304
35.1,95,4294.091355
34.25,96,4294.347534
20.85,24,4294.413851
31.45,136,4299.702582
20.85,24,4299.763445
31.7,127,4300.083357
32.05,108,4300.361447
35.45,88,4300.586856
21.6,45,4300.702597
22.3,31,4300.791438
18.0,189,4301.279773
-7.9,83,4301.494604
30.4,121,4301.81099
22.35,214,4307.36213
35.65,84,4307.566554
34.75,94,4307.796973
9.8,5,4307.808764
34.05,112,4308.082006
13.5,11,4308.109852
26.35,158,4308.52478
26.85,176,4308.971272
-3.15,20,4309.021238
31.85,128,4309.349997
33.3,99,4309.589983
-4.85,46,4314.551598
33.05,120,4314.852976
32.9,107,4315.118932
33.25,104,4315.389247
18.75,26,4315.461365
34.5,87,4315.680855
-5.1,43,4315.790892
35.45,92,4316.027308
31.1,127,4316.350138
34.05,96,4316.589663
19.75,70,4316.774297
34.05,96,4317.014316
35.2,81,4322.184121
13.35,14,4322.217636
-2.0,1,4322.22004
9.85,4,4322.229694
-6.6,53,4322.35665
31.15,126,4322.669201
5.0,1,4322.671824
27.75,70,4322.852763
31.55,130,4323.187701
24.55,182,4323.654581
-3.35,28,4323.726802
33.3,119,4324.017933
31.8,85,4324.226973
33.85,108,4324.507936
31.4,137,4329.840167
17.55,222,4330.411413
17.95,250,4331.053591
32.0,137,4331.406882
30.6,133,4331.747817
31.85,124,4332.047133
32.6,113,4337.396593
23.35,202,4337.91492
31.3,127,4338.245101
30.65,116,4338.549039
-3.35,28,4338.621437
9.75,6,4338.636971
15.4,13,4338.671077
34.2,85,4338.894934
21.65,200,4339.395268
33.7,107,4339.674412
32.15,114,4345.07251
25.9,43,4345.183745
34.6,109,4345.465831
32.1,135,4345.795529
-5.4,65,4345.962903
5.95,2,4345.968644
34.1,107,4346.242917
22.45,168,4346.658537
31.4,133,4347.000316
31.45,136,4347.353007
20.9,23,4347.413299
7.8,5,4347.426385
21.15,186,4352.852677
16.85,24,4352.909669
34.8,97,4353.157567
32.7,115,4353.43618
33.55,122,4353.7424
17.05,236,4354.344286
13.65,8,4354.365268
-9.45,106,4354.643451
33.55,98,4354.900687
33.55,114,4355.191813
33.6,113,4360.545644
8.0,1,4360.548374
29.95,142,4360.921139
32.15,122,4361.235807
31.5,131,4361.56088
32.45,120,4361.855292
18.9,23,4361.915507
22.35,230,4362.508885
36.25,76,4362.696314
30.75,146,4368.027424
34.3,91,4368.263553
29.55,118,4368.567687
29.0,161,4369.001344
34.2,85,4369.215131
35.6,85,4369.422748
24.8,161,4369.843403
37.2,57,4369.9869
18.6,29,4370.05845
33.9,115,4370.349714
36.2,73,4375.349794
30.9,127,4375.660282
-8.0,105,4375.932233
-7.85,82,4376.142056
28.15,66,4376.2995
20.85,24,4376.361226
28.85,152,4376.751437
7.8,5,4376.763735
23.3,175,4377.214001
13.4,13,4377.246749
24.05,160,4377.671034
27.6,149,4382.899653
31.75,122,4383.215912
11.7,7,4383.232624
20.65,156,4383.623348
13.0,229,4384.212337
-3.9,27,4384.280155
27.45,52,4384.413612
28.55,170,4384.843304
32.85,108,4385.105493
33.15,106,4390.241036
25.35,182,4390.695673
30.05,136,4391.042692
22.0,205,4391.559021
29.9,143,4391.931994
33.2,121,4392.237542
26.25,192,4392.749177
-2.0,1,4392.751663
29.75,146,4397.852839
32.0,125,4398.163922
15.2,17,4398.20323
4.8,309,4398.958569
33.25,108,4399.225642
23.75,42,4399.331025
31.95,118,4399.633374
25.2,57,4399.777108
30.95,122,4400.085994
31.85,140,4405.298885
31.15,138,4405.642761
14.95,222,4406.216181
21.45,32,4406.298858
22.85,208,4406.811046
27.9,79,4407.011904
-8.4,97,4407.260744
24.3,35,4407.349819
9.75,6,4407.364933
34.1,99,4412.565577
5.95,2,4412.570657
5.95,2,4412.575677
15.05,16,4412.615332
24.55,30,4412.692354
26.85,148,4413.065472
5.95,2,4413.070471
31.0,129,4413.391953
19.3,235,4413.989302
21.45,208,4414.527323
23.05,20,4414.575982
33.4,109,4414.843239
33.05,116,4420.179421
19.15,18,4420.225089
29.3,131,4420.548921
33.15,114,4420.826868
-4.9,55,4420.967952
33.6,109,4421.240215
9.8,5,4421.252335
-10.7,99,4421.490597
21.0,181,4421.935942
31.5,135,4422.273439
36.1,75,4422.459908
32.55,130,4427.892002
36.65,68,4428.065982
-6.7,87,4428.290272
18.5,43,4428.400441
32.7,103,4428.662053
20.25,204,4429.187414
19.25,16,4429.229214
11.35,14,4429.265842
11.65,8,4429.286741
26.2,145,4429.658889
36.2,73,4429.849399
32.35,118,4430.160548
32.05,136,4435.439693
33.75,118,4435.741848
34.05,108,4436.011456
34.2,97,4436.250208
21.7,27,4436.319968
33.5,115,4436.607805
-6.65,78,4436.810364
33.95,106,4437.084234
18.6,197,4437.595713
33.95,110,4437.87887
11.75,2,4437.883828
35.1,91,4443.088007
5.9,3,4443.096641
32.2,125,4443.440242
34.5,107,4443.719217
20.65,28,4443.788502
7.9,3,4443.796338
-3.55,360,4444.758476
-12.35,128,4445.105028
23.0,193,4445.629239
16.75,22,4445.684349
31.25,128,4450.899234
33.2,113,4451.186968
23.95,186,4451.659124
28.5,163,4452.072622
32.55,118,4452.380381
25.3,95,4452.624806
30.65,132,4452.953204
17.4,13,4452.985554
15.95,250,4458.570133
-2.0,1,4458.572696
-6.7,91,4458.800951
30.9,127,4459.103035
33.95,98,4459.357554
32.3,119,4459.65267
22.15,230,4460.21651
5.95,2,4460.221336
34.05,112,4460.488675
20.1,183,4466.050925
32.15,110,4466.335434
-2.1,3,4466.34286
-9.3,479,4467.490876
25.75,130,4467.826608
-5.85,78,4468.026551
27.4,145,4473.48707
27.55,70,4473.657873
24.25,172,4474.110348
20.8,25,4474.177091
33.9,111,4474.457422
5.0,1,4474.460002
-7.65,342,4475.341213
33.4,109,4475.612954
22.45,32,4475.693337
31.8,93,4475.907715
-4.05,38,4475.994907
27.85,152,4481.190729
32.9,115,4481.457573
32.45,120,4481.752199
34.3,99,4481.991998
33.7,111,4482.257081
26.25,180,4482.706286
30.4,145,4483.052385
-3.65,26,4483.111624
-3.2,25,4483.17281
17.55,10,4483.197771
22.4,205,4488.534769
25.95,162,4488.932736
19.35,14,4488.966288
31.1,127,4489.283291
31.35,146,4489.645084
32.8,129,4489.956887
17.1,15,4489.992552
18.3,231,4490.56442
22.4,33,4490.647306
29.6,145,4495.930845
24.8,157,4496.290629
32.7,111,4496.548352
25.75,150,4496.897765
24.95,54,4497.022271
21.1,199,4497.507478
30.25,128,4497.831151
20.5,31,4497.910151
34.7,95,4503.152554
30.75,126,4503.450689
20.5,219,4504.028391
15.25,16,4504.075248
-10.3,87,4504.296479
27.0,137,4504.633642
32.05,112,4504.915383
24.75,62,4505.071409
29.7,135,4505.400446
28.5,123,4510.421551
17.15,18,4510.469726
35.05,96,4510.714962
15.15,18,4510.761649
30.55,134,4511.101352
31.4,125,4511.416083
18.65,232,4512.001123
34.7,99,4512.266626
32.0,117,4512.56103
30.1,155,4517.652632
15.5,11,4517.677578
32.45,132,4517.984829
24.2,173,4518.407687
31.55,94,4518.645546
32.35,126,4518.947678
11.7,7,4518.964577
34.75,90,4519.188852
11.65,8,4519.209598
32.75,106,4519.468703
-2.0,1,4519.471217
-3.1,431,4525.449906
15.1,187,4525.915468
29.55,134,4526.254476
12.35,234,4526.821461
9.85,4,4526.830906
29.0,117,4527.101778
35.1,83,4527.29859
32.65,108,4532.37308
32.95,94,4532.607999
31.3,139,4532.95606
15.6,9,4532.978632
34.3,111,4533.252729
33.45,112,4533.526323
-5.9,63,4533.684397
21.4,197,4534.167759
5.9,3,4534.174989
-2.85,18,4534.217596
32.45,124,4534.517657
31.95,126,4534.833771
14.2,281,4540.421956
-3.0,21,4540.472805
28.7,63,4540.627196
36.1,79,4540.819555
18.2,29,4540.89084
13.25,16,4540.930694
30.2,137,4541.272808
-2.0,1,4541.275261
17.25,16,4541.315161
13.65,8,4541.33502
36.8,65,4541.496361
20.45,208,4542.010815
2.2,325,4547.690784
-12.25,110,4547.951252
9.8,5,4547.962986
30.1,139,4548.295995
18.8,25,4548.356813
-3.55,32,4548.43534
28.25,132,4548.763196
32.9,107,4549.015473
33.35,118,4549.297011
11.65,8,4549.317062
35.2,89,4549.541145
30.3,127,4554.716631
-3.2,21,4554.768885
35.05,100,4555.012897
11.75,6,4555.028282
21.15,142,4555.405735
-2.3,7,4555.422951
33.7,115,4555.702601
7.95,2,4555.707646
32.9,107,4555.980386
32.9,119,4556.278609
20.1,39,4556.378402
-5.95,64,4556.543842
6.0,1,4556.54643
26.15,162,4556.942467
35.1,91,4561.905234
34.35,102,4562.143749
18.45,224,4562.688797
29.85,128,4563.009888
-9.6,109,4563.302813
35.0,97,4563.559251
27.3,163,4564.028967
31.85,116,4569.94692
31.05,144,4570.282627
-7.35,84,4570.480586
-5.7,67,4570.692974
27.7,155,4571.103719
19.25,204,4571.619307
17.8,193,4572.10448
33.8,93,4577.178921
-2.7,15,4577.21473
16.65,28,4577.284246
35.75,86,4577.499291
33.45,100,4577.747952
31.8,77,4577.935744
25.3,179,4578.374542
35.85,80,4578.564674
32.75,130,4578.879932
-3.9,39,4578.978681
11.8,5,4578.991266
32.4,121,4579.292599
35.55,82,4584.158377
32.75,114,4584.430226
17.9,195,4584.888013
33.5,99,4585.141968
35.7,83,4585.367023
31.2,125,4585.684777
33.45,108,4585.945458
15.35,14,4585.979125
35.1,95,4586.207567
32.85,116,4586.508779
13.85,4,4586.519579
32.1,103,4591.618733
25.35,38,4591.703594
25.45,52,4591.821477
9.85,4,4591.830513
34.0,101,4592.071699
9.7,7,4592.088678
32.1,127,4592.388982
-4.65,42,4592.487105
19.75,206,4592.988822
34.6,101,4593.240932
34.6,105,4593.495019
30.8,137,4593.827952
33.85,96,4598.893063
-2.0,1,4598.895678
34.1,99,4599.184837
15.6,9,4599.211877
35.05,92,4599.485793
30.7,127,4599.854981
7.5,39,4599.972208
35.9,83,4600.21182
31.75,122,4600.567413
29.35,154,4601.018106
15.65,8,4601.041124
24.95,206,4601.603202
27.65,156,4607.259967
22.6,29,4607.334746
20.45,32,4607.416992
26.65,152,4607.812456
-5.85,62,4607.974335
12.75,18,4608.021054
22.25,32,4608.104095
35.8,81,4608.30984
33.3,107,4608.585217
34.2,105,4608.858114
-5.8,69,4609.003003
35.95,78,4609.176191
28.35,162,4614.424804
31.3,123,4614.735879
34.75,98,4614.985739
18.7,27,4615.052523
34.95,82,4615.262503
30.7,127,4615.584532
15.9,195,4616.08829
5.55,262,4616.764608
24.55,170,4622.221413
31.45,104,4622.490953
36.1,75,4622.684904
33.85,100,4622.942415
33.55,122,4623.243006
30.35,74,4623.412812
28.6,149,4623.765215
27.1,47,4623.884297
25.85,44,4624.001008
34.05,112,4624.281733
6.0,1,4624.284222
34.45,104,4624.54144
32.75,122,4629.814126
20.05,44,4629.921408
-3.8,37,4630.011153
33.45,92,4630.239097
33.25,108,4630.508859
27.85,152,4630.904894
30.15,130,4631.238098
34.1,111,4631.517368
35.1,99,4631.75817
35.35,90,4631.98464
29.75,130,4637.33464
24.95,150,4637.722558
19.95,230,4638.315041
31.15,118,4638.616948
34.95,94,4638.849664
30.35,154,4639.243017
33.25,100,4639.491247
31.45,132,4644.717234
-7.8,105,4644.969103
30.35,134,4645.29039
28.65,136,4645.616885
9.9,3,4645.623897
29.4,141,4645.952443
33.8,105,4646.205302
29.75,66,4646.371248
35.35,90,4646.592933
32.2,113,4646.886335
13.35,14,4646.92225
35.2,89,4647.153709
34.05,112,4652.529608
34.7,95,4652.776535
32.2,133,4653.114663
-11.3,355,4654.030374
34.85,100,4654.275363
5.75,258,4659.893598
32.75,98,4660.132558
21.15,202,4660.620636
34.3,75,4660.796468
32.7,123,4661.109453
22.7,219,4661.658013
29.4,165,4662.066935
-2.0,1,4662.06945
24.7,47,4662.18505
-6.25,82,4667.533554
-3.4,29,4667.600709
31.15,126,4667.893429
-4.25,46,4668.005914
32.05,128,4668.326258
31.6,89,4668.552989
34.75,98,4668.791008
20.05,32,4668.868099
24.75,62,4669.016529
21.7,55,4669.150833
27.8,69,4669.327439
7.8,5,4669.340229
12.75,214,4669.884091
32.9,123,4675.070599
35.1,87,4675.296517
6.5,299,4676.063772
34.8,97,4676.316128
26.85,76,4676.510745
31.05,136,4676.853298
30.9,123,4677.16376
25.45,180,4682.744163
27.25,160,4683.154796
27.05,144,4683.550076
24.2,37,4683.645979
34.6,101,4683.905201
32.45,124,4684.225195
30.25,152,4684.61847
19.8,57,4684.763884
32.75,126,4685.084419
34.75,90,4690.322322
14.5,235,4690.913469
35.1,91,4691.15037
22.7,175,4691.580513
31.55,138,4691.938015
32.8,101,4692.19301
30.25,128,4692.516087
20.1,195,4697.797722
-2.0,1,4697.800353
20.3,183,4698.253208
33.7,115,4698.540962
33.85,96,4698.787843
31.25,148,4699.163805
34.7,103,4699.428551
33.8,117,4699.734864
31.3,135,4700.075949
33.95,114,4705.976352
33.9,111,4706.167307
27.85,152,4706.438576
34.9,95,4706.618531
-6.0,73,4706.762273
9.75,6,4706.775036
13.75,6,4706.787716
-5.55,72,4706.937943
33.95,110,4707.164449
34.25,112,4707.395708
33.25,100,4707.602465
28.55,106,4707.840734
29.2,165,4712.929451
31.65,128,4713.281583
21.3,175,4713.750723
29.1,59,4713.908553
28.0,165,4714.348554
13.7,195,4714.869189
32.7,123,4715.205764
13.6,9,4715.23049
30.05,76,4720.439419
27.35,146,4720.80667
33.25,88,4721.027467
34.95,98,4721.261661
35.1,91,4721.484396
31.65,144,4721.834954
23.25,48,4721.958644
32.1,95,4722.203549
34.45,96,4722.448678
33.65,112,4722.731557
17.15,18,4722.776076
26.7,143,4728.23811
9.7,7,4728.253641
5.95,2,4728.258045
-7.2,77,4728.426369
6.0,1,4728.428685
31.95,130,4728.724017
-3.2,25,4728.776848
30.0,145,4729.098953
24.05,184,4729.532389
28.5,143,4729.871197
33.1,111,4730.138466
31.25,148,4735.270545
-97.35,800,4737.326351
34.0,109,4737.607179
31.9,111,4742.723346
33.75,110,4742.986091
33.7,107,4743.23989
16.5,183,4743.699392
29.7,151,4744.087631
11.4,9,4744.110863
20.45,80,4744.314404
-2.0,1,4744.316912
7.8,5,4744.33013
31.05,132,4744.673632
34.45,104,4744.935186
9.75,6,4744.950117
11.3,23,4745.008369
34.5,99,4750.15395
33.8,97,4750.392055
24.75,150,4750.764926
-12.3,411,4751.856877
33.6,117,4752.158814
23.5,191,4752.658814
-5.0,49,4752.788784
28.7,115,4758.056906
33.9,103,4758.324964
15.55,10,4758.351042
28.5,159,4758.768519
9.85,4,4758.778431
33.75,114,4759.061124
35.7,83,4759.270877
7.9,3,4759.27877
-3.65,34,4759.368381
-7.6,89,4759.603509
33.05,124,4759.919412
33.95,106,4760.195306
32.1,119,4765.754298
25.25,56,4765.891823
9.9,3,4765.89963
33.65,116,4766.195012
31.7,115,4766.48786
29.9,127,4766.814737
13.55,10,4766.840565
11.4,13,4766.874097
25.65,164,4767.285795
33.75,106,4767.527275
31.2,129,4767.842196
22.05,172,4773.330722
34.9,99,4773.586598
29.1,135,4773.936435
16.3,251,4774.575049
30.25,136,4774.913266
24.55,58,4775.059863
33.9,119,4775.364978
30.2,133,4775.706924
31.15,138,4781.033157
32.75,122,4781.325304
29.05,140,4781.666552
11.0,33,4781.746417
31.15,142,4782.08949
34.55,110,4782.352728
34.15,110,4782.608239
31.85,124,4782.907402
9.85,256,4788.551241
33.55,110,4788.83126
23.2,45,4788.944622
33.35,130,4789.273636
13.35,14,4789.309249
26.05,184,4789.837385
30.55,150,4790.250576
34.1,95,4790.5046
9.9,3,4790.512269
35.0,101,4790.768237
24.45,148,4796.087227
31.15,134,4796.420833
-12.1,131,4796.747384
34.5,103,4797.015472
30.3,139,4797.3754
22.2,249,4798.02024
17.1,19,4798.072007
-6.7,79,4798.280291
34.6,105,4798.544856
34.9,103,4803.798353
28.95,74,4803.972822
34.65,108,4804.256704
7.3,291,4804.998708
21.3,235,4805.599018
28.6,69,4805.768385
29.3,139,4806.121726
-7.65,102,4811.26322
31.0,81,4811.473179
19.85,204,4811.984986
28.65,136,4812.319951
22.2,73,4812.499035
34.35,98,4812.745312
36.55,70,4812.914256
33.65,120,4813.22323
33.2,121,4813.540043
16.95,22,4813.597147
-2.0,1,4813.599711
31.9,127,4818.776747
28.5,123,4819.091614
26.8,145,4819.467483
20.6,21,4819.522146
21.5,211,4820.071404
35.2,89,4820.294115
9.8,5,4820.305777
-3.1,23,4820.3618
2.95,230,4820.886894
32.65,120,4826.125567
11.55,10,4826.148317
17.0,21,4826.196722
5.95,2,4826.201571
33.35,110,4826.484589
29.05,84,4826.701254
33.55,102,4826.960629
33.5,103,4827.229552
-2.0,1,4827.232128
26.6,177,4827.690371
31.15,122,4828.005798
31.75,122,4828.318402
30.7,139,4833.208435
34.15,110,4833.466976
35.2,97,4833.691113
28.8,133,4834.021713
34.25,116,4834.311485
33.2,101,4834.565825
32.85,116,4834.856218
33.85,116,4835.15349
30.1,123,4835.482978
30.45,124,4840.42332
29.2,125,4840.729154
6.75,46,4840.846003
11.4,13,4840.878478
7.95,2,4840.883644
7.8,5,4840.896277
35.95,78,4841.092859
34.25,100,4841.338451
31.4,137,4841.685717
29.7,159,4842.109833
5.95,2,4842.11518
24.8,53,4842.256869
32.05,108,4842.543698
30.55,138,4842.901693
6.0,1,4842.904294
4.45,364,4848.666816
15.55,10,4848.690838
32.7,91,4848.91001
31.75,118,4849.191969
-2.0,1,4849.194223
7.9,3,4849.201157
16.0,249,4849.816085
22.6,213,4850.409281
6.0,1,4850.412093
32.15,110,4855.652572
25.4,169,4856.042699
28.1,115,4856.311987
32.9,107,4856.576695
31.15,118,4856.871236
17.1,15,4856.911422
17.5,11,4856.937912
7.85,4,4856.947799
34.1,103,4857.213933
26.5,31,4857.292148
20.7,27,4857.357163
30.95,78,4857.550167
32.45,128,4857.847495
34.2,105,4862.869247
23.8,121,4863.159386
33.6,97,4863.391412
32.3,115,4863.674447
33.8,113,4863.992492
29.9,151,4864.379252
31.3,139,4864.735567
32.15,134,4865.083102
10.35,290,4870.701271
33.7,119,4870.976074
35.9,83,4871.166347
36.25,68,4871.319567
35.1,91,4871.533296
32.85,116,4871.827693
33.9,107,4872.12927
34.85,84,4872.357401
32.8,125,4872.683823
28.9,139,4877.788906
32.6,113,4878.051148
33.65,116,4878.319093
28.85,148,4878.691542
29.1,147,4879.064612
25.3,55,4879.2038
26.1,39,4879.302948
27.15,170,4879.721421
5.8,345,4885.380971
29.65,156,4885.773974
-3.2,25,4885.839022
30.6,141,4886.200802
31.35,142,4886.613697
29.8,165,4887.068812
33.45,104,4887.343717
33.7,111,4892.340314
33.4,113,4892.602293
30.15,142,4892.955415
34.1,95,4893.19481
30.5,127,4893.508286
-16.7,139,4893.858742
33.2,121,4894.167167
34.75,102,4894.43008
-14.0,113,4894.730241
-5.0,61,4899.70033
15.25,16,4899.736871
15.5,11,4899.762906
35.1,91,4899.977467
32.15,106,4900.226617
32.75,98,4900.471493
34.15,102,4900.726475
29.45,140,4901.0789
33.9,111,4901.356931
29.25,148,4901.726822
17.15,18,4901.771388
35.15,94,4902.006625
30.6,117,4907.192211
29.05,128,4907.492128
9.55,326,4908.294528
32.45,116,4908.596792
35.65,80,4908.798078
-3.9,391,4914.478696
35.4,93,4914.716635
32.05,112,4914.986889
31.65,120,4915.284245
19.95,210,4915.799437
31.05,140,4916.144122
16.65,228,4916.705745
33.3,127,4921.888135
35.45,92,4922.121453
7.95,2,4922.126534
31.75,138,4922.469206
31.8,125,4922.788954
-6.95,72,4922.970399
16.9,23,4923.028522
26.95,166,4923.439557
35.4,77,4923.628826
20.6,29,4923.696422
33.0,113,4923.961583
34.8,93,4928.9693
31.95,122,4929.256779
30.65,108,4929.580871
33.8,109,4929.846143
33.35,118,4930.139969
34.5,99,4930.42484
22.55,30,4930.506439
15.1,19,4930.557272
25.05,20,4930.613562
34.75,90,4930.868923
-2.3,7,4930.887658
34.25,104,4931.153139
32.8,109,4931.424312
33.0,113,4936.563366
31.95,114,4936.852414
21.2,201,4937.383631
6.0,1,4937.386227
8.05,332,4938.213041
30.5,155,4938.603773
31.9,127,4938.926223
33.3,119,4943.795843
34.3,107,4944.047451
26.75,66,4944.203479
32.75,114,4944.483108
34.0,101,4944.736038
32.65,120,4945.041169
34.5,103,4945.297037
34.3,95,4945.536583
-5.8,69,4945.710316
28.15,142,4946.07061
30.8,153,4951.415951
7.95,2,4951.420557
34.35,110,4951.692938
30.15,142,4952.032283
29.95,82,4952.223195
35.55,90,4952.441715
28.45,148,4952.805649
34.3,107,4953.07231
5.0,1,4953.074867
-4.75,56,4953.213278
35.6,89,4953.434566
32.25,136,4958.581136
17.85,228,4959.10518
34.9,79,4959.297699
-2.0,1,4959.300059
35.6,81,4959.495768
24.75,170,4959.91229
33.85,108,4960.17821
32.9,115,4960.468367
23.55,38,4960.56091
34.05,96,4960.790012
30.8,117,4966.245274
5.95,2,4966.251065
34.1,111,4966.561288
33.3,111,4966.883243
17.0,21,4966.942368
32.8,105,4967.228833
25.0,189,4967.72047
33.7,107,4967.997153
-8.3,111,4968.282902
31.35,130,4968.620176
35.0,93,4973.800974
30.3,135,4974.141992
8.15,306,4974.935345
31.65,132,4975.279434
-2.0,1,4975.282022
32.2,101,4975.534989
34.0,105,4975.805344
32.9,111,4976.109611
22.5,187,4981.53772
-6.4,65,4981.6983
33.35,102,4981.957685
29.25,56,4982.104385
29.2,141,4982.482594
27.95,170,4982.92188
32.7,95,4983.173083
9.75,6,4983.189174
35.3,87,4983.417372
19.5,39,4983.518914
9.9,3,4983.526721
30.75,118,4983.833751
32.7,123,4989.152155
36.1,75,4989.34705
33.95,98,4989.599868
35.3,95,4989.848083
31.6,101,4990.112044
15.3,15,4990.151786
23.45,172,4990.601264
31.2,113,4990.909413
34.35,102,4991.177106
23.7,47,4991.300495
34.75,102,4991.569036
35.2,97,4996.902087
33.5,103,4997.174489
17.15,18,4997.222236
-13.1,367,4998.175529
-2.25,6,4998.191175
11.6,9,4998.214756
33.2,105,4998.485345
24.35,34,4998.5704
33.15,110,4998.863033
5.95,2,4998.868461
30.5,139,4999.235043
7.85,4,4999.24565
17.7,231,5005.141061
26.15,38,5005.240241
25.95,158,5005.648153
27.65,40,5005.753003
-5.9,59,5005.90782
32.55,138,5006.271108
34.3,91,5006.507989
34.1,107,5006.783195
27.15,170,5007.225024
30.65,100,5012.552359
5.0,1,5012.554838
34.45,108,5012.830212
15.6,9,5012.852624
35.65,88,5013.081721
30.0,41,5013.184616
5.0,1,5013.187178
33.75,98,5013.436609
-2.2,5,5013.449667
33.3,119,5013.76031
-5.1,59,5013.914777
24.75,54,5014.056645
32.45,136,5014.410424
29.45,144,5014.784621
-2.0,1,5014.787238
34.5,99,5015.037011
16.85,24,5015.096441
27.7,163,5020.508331
28.7,159,5020.911445
33.6,121,5021.221621
27.5,95,5021.460043
27.65,156,5021.864709
34.15,114,5022.163881
34.05,92,5022.399408
20.95,22,5022.456387
21.45,208,5027.981083
32.65,120,5028.294359
-4.0,33,5028.380253
30.5,127,5028.696859
31.05,116,5028.991027
29.45,140,5029.357077
30.6,137,5029.708127
28.9,123,5030.010147
-7.1,75,5030.184708
36.15,70,5030.348793
7.95,2,5035.2776
33.8,113,5035.569748
28.6,141,5035.922303
26.9,167,5036.347296
28.7,67,5036.526822
-2.0,1,5036.529408
-6.75,92,5036.774531
30.65,68,5036.952694
33.35,106,5037.223384
31.85,116,5037.523884
30.0,129,5037.858805
34.35,102,5043.19539
18.7,175,5043.639231
33.25,96,5043.916335
24.35,34,5044.055017
32.2,125,5044.526961
2.85,260,5045.221744
33.75,106,5045.499605
20.8,25,5045.56531
7.9,3,5045.573397
29.35,126,5050.932287
24.95,170,5051.360223
10.65,240,5051.972119
33.4,121,5052.284241
7.8,5,5052.296741
23.9,167,5052.7226
34.9,95,5052.961273
32.75,122,5053.278949
34.5,103,5058.486953
30.65,144,5058.851885
35.6,89,5059.072441
28.1,163,5059.477637
30.85,120,5059.77778
34.65,92,5060.007269
16.55,30,5060.084861
35.0,93,5060.332002
29.2,169,5060.765546
28.2,145,5066.286091
9.85,4,5066.296519
34.65,96,5066.546113
24.35,34,5066.631768
29.55,158,5067.045021
31.15,134,5067.391845
32.0,109,5067.676065
34.45,100,5067.939724
32.7,103,5068.204343
35.75,86,5068.427334
32.75,122,5068.761079
-5.65,74,5073.89104
33.25,108,5074.165125
20.55,30,5074.243887
21.75,134,5074.591693
-5.0,45,5074.710443
35.15,94,5074.940403
35.0,93,5075.1766
29.85,116,5075.473864
33.8,101,5075.733445
33.3,107,5076.014523
31.4,133,5076.361521
33.3,119,5081.693837
16.95,246,5082.32097
25.6,65,5082.491926
31.15,138,5082.854445
33.45,116,5083.153517
30.1,127,5083.485967
33.65,104,5083.755113
19.75,42,5083.86393
34.8,89,5084.089475
34.5,107,5089.406452
3.25,276,5090.11993
9.8,5,5090.132433
31.65,124,5090.453529
29.6,125,5090.780172
26.3,127,5091.112
31.75,46,5091.230473
25.45,136,5091.576664
33.65,120,5096.880383
25.75,46,5096.98548
28.8,173,5097.395062
17.2,17,5097.436885
34.9,99,5097.691002
30.2,145,5098.064989
32.45,124,5098.380941
32.45,132,5098.715972
13.8,5,5098.728408
34.15,106,5099.002459
34.75,98,5099.251969
31.15,134,5104.664092
25.35,146,5105.003845
14.85,28,5105.070105
33.05,124,5105.361779
36.0,81,5105.554726
34.55,110,5105.825145
34.4,93,5106.051999
34.65,108,5106.324347
34.6,89,5106.564488
35.7,83,5106.785212
9.7,7,5106.802659
33.9,123,5111.901391
23.55,198,5112.366971
-33.2,713,5114.243141
33.55,110,5119.394462
13.8,5,5119.407086
22.4,205,5119.910591
28.55,126,5120.22198
33.8,101,5120.463851
33.55,118,5120.756987
29.85,140,5121.097461
30.45,148,5121.456695
-8.05,90,5121.66419
7.9,3,5121.671041
33.55,102,5126.797323
26.1,143,5127.156131
32.25,104,5127.416363
29.2,153,5127.794906
7.85,4,5127.804824
5.05,312,5128.592715
33.4,121,5128.906813
11.4,13,5128.939735
34.7,107,5129.2011
-3.25,26,5134.536426
26.05,40,5134.634327
32.0,105,5134.891659
-18.9,443,5135.96561
36.0,81,5136.16895
35.85,84,5136.372622
-2.0,1,5136.375177
9.85,4,5136.385132
30.8,145,5136.758264
29.55,82,5136.964136
34.15,90,5141.97511
35.9,71,5142.148947
34.9,103,5142.406156
22.35,210,5142.938139
30.85,100,5143.19823
13.55,10,5143.223834
35.4,93,5143.458046
27.0,173,5143.902941
-5.1,55,5144.047752
32.55,118,5144.356927
31.85,112,5149.780415
19.05,20,5149.831019
34.95,86,5150.051339
31.55,78,5150.248734
-2.0,1,5150.251065
27.65,84,5150.458092
7.6,269,5151.15659
20.55,202,5151.67212
9.8,5,5151.685185
33.5,103,5151.942282
31.4,121,5157.168748
14.9,219,5157.727259
33.9,119,5158.027095
9.95,2,5158.03209
21.0,165,5158.463385
22.4,149,5158.85008
22.2,201,5159.372501
5.0,1,5159.375173
31.7,119,5159.685505
35.05,92,5164.864221
34.05,112,5165.155772
27.45,160,5165.606042
22.65,28,5165.702961
32.2,113,5166.032247
31.85,128,5166.395996
35.1,87,5166.687791
27.05,156,5167.16299
35.0,101,5167.425996
9.8,5,5167.438663
34.0,105,5172.681458
9.7,7,5172.697814
28.5,139,5173.043156
-6.55,416,5174.117545
18.95,34,5174.207011
33.8,101,5174.468011
5.0,1,5174.470592
26.25,132,5174.807888
33.15,106,5175.082395
-28.45,418,5181.219839
35.95,82,5181.434684
-5.2,61,5181.593628
15.5,11,5181.622352
24.1,35,5181.7124
5.9,3,5181.720248
19.05,20,5181.772783
-2.0,1,5181.775393
-7.65,450,5187.826358
22.2,33,5187.909104
32.55,130,5188.227216
-8.9,91,5188.45545
-17.35,140,5188.805376
27.8,141,5189.158278
20.55,170,5189.585333
28.4,141,5189.946786
34.0,97,5190.20766
29.15,150,5195.455557
30.9,147,5195.823832
7.85,4,5195.83418
34.25,96,5196.094722
34.3,107,5196.367855
-3.2,25,5196.432667
-2.65,14,5196.467355
7.9,3,5196.475487
35.4,93,5196.722198
35.1,95,5196.957177
33.95,110,5197.231963
32.75,122,5197.544927
34.7,83,5197.768322
33.85,100,5202.704363
31.05,136,5203.044365
18.95,202,5203.527442
36.5,71,5203.699309
27.4,165,5204.122005
-2.7,15,5204.162285
32.45,68,5204.340243
22.2,37,5204.438469
15.7,7,5204.457361
19.15,234,5205.047436
-6.85,94,5210.163382
11.65,8,5210.183217
34.2,97,5210.423158
33.8,105,5210.687499
35.4,89,5210.924826
-6.85,94,5211.16381
35.65,84,5211.375182
36.9,63,5211.531343
30.95,126,5211.837412
17.9,251,5212.469074
-11.0,141,5217.750434
22.45,164,5218.151021
9.75,6,5218.165457
36.55,66,5218.332069
23.9,179,5218.796785
34.3,83,5219.004017
28.7,139,5219.352607
-10.6,125,5219.667449
33.25,112,5219.951271
15.55,10,5219.977082
30.5,119,5225.201601
33.35,110,5225.464933
36.45,64,5225.628845
29.25,156,5226.026574
33.95,118,5226.3157
-10.3,83,5226.519476
27.6,157,5226.913257
35.1,87,5227.13055
-7.3,55,5227.270211
24.5,183,5232.669059
7.8,5,5232.681049
32.7,131,5233.003438
28.45,108,5233.275639
31.35,118,5233.564819
32.65,124,5233.858097
31.25,140,5234.200933
16.85,24,5234.262485
22.1,35,5234.353881
-6.0,77,5234.550497
34.95,102,5234.791923
30.9,139,5240.062362
31.5,131,5240.349648
26.85,156,5240.696853
24.2,37,5240.785229
29.35,134,5241.099757
33.75,110,5241.355693
5.9,3,5241.362905
30.65,132,5241.681335
28.6,173,5242.0906
17.7,7,5242.107882
31.6,113,5247.171903
29.45,152,5247.552025
30.5,139,5247.910472
35.75,86,5248.142571
15.25,16,5248.184833
27.7,43,5248.304742
34.7,91,5248.552509
24.45,28,5248.625464
35.55,86,5249.057373
-3.1,23,5249.114561
29.1,59,5249.265043
31.45,132,5249.598521
35.25,92,5254.775299
36.15,78,5254.966469
-6.55,76,5255.149145
-11.35,372,5256.15356
34.0,105,5256.435339
34.05,108,5256.717349
33.6,93,5256.958664
-4.1,43,5257.066798
-7.3,103,5257.330361
27.2,45,5262.338717
31.35,114,5262.60037
-7.35,80,5262.78311
30.6,117,5263.062999
-6.45,70,5263.230779
29.15,134,5263.547422
5.9,3,5263.554537
-3.9,39,5263.644831
11.7,7,5263.662114
34.7,103,5263.911509
-9.7,99,5264.146833
31.5,123,5264.458591
26.8,61,5264.608495
33.25,108,5269.785698
-5.9,67,5269.954266
34.0,109,5270.232796
-5.7,75,5270.424078
34.4,105,5270.693577
21.6,189,5271.176116
34.95,90,5271.407372
33.65,108,5271.685507
35.1,99,5271.943639
-7.3,75,5272.154576
19.0,21,5272.210658
24.65,28,5272.288629
32.5,131,5277.443502
27.35,150,5277.830006
34.15,106,5278.100179
24.1,187,5278.570844
25.15,166,5278.993904
30.95,130,5279.329057
26.65,148,5279.704402
19.15,18,5284.688762
32.8,113,5284.961347
29.9,147,5285.331851
11.85,4,5285.341975
34.7,95,5285.585433
35.0,93,5285.82327
29.85,44,5285.930527
36.05,80,5286.126617
32.85,136,5286.473266
-10.15,100,5286.727481
-7.7,75,5286.916959
13.6,9,5286.939036
28.25,144,5292.143627
32.0,125,5292.452254
-4.4,49,5292.574701
-12.45,134,5292.924628
34.2,113,5293.233918
7.9,3,5293.242098
31.4,117,5293.541636
31.05,120,5293.861192
34.3,107,5294.158859
32.4,121,5294.478266
-2.0,1,5294.480849
27.0,57,5294.62288
-4.05,42,5294.729388
33.5,115,5299.761419
13.55,10,5299.78955
-6.55,84,5300.020861
34.85,80,5300.243038
34.25,96,5300.51466
32.3,119,5300.841269
28.6,153,5301.252844
33.0,129,5301.635209
13.4,13,5301.673822
30.65,148,5302.10517
15.3,231,5307.95956
9.75,6,5307.975222
26.9,155,5308.393532
28.45,136,5308.774957
32.8,121,5309.081166
31.5,139,5309.432446
34.45,100,5309.68821
35.15,90,5309.913465
30.45,116,5310.173542
34.35,110,5315.089418
31.8,121,5315.39239
35.1,99,5315.640718
31.0,145,5316.005514
31.25,160,5316.407887
25.75,114,5316.721986
-10.75,104,5317.011992
34.0,109,5317.316301
18.9,23,5317.379695
34.6,105,5322.858163
24.35,174,5323.316155
30.85,148,5323.705941
33.0,105,5323.979613
32.15,118,5324.255688
-6.35,60,5324.388342
35.85,84,5324.578851
-0.1,323,5330.169091
24.05,180,5330.62953
-2.0,1,5330.632028
29.4,161,5331.027162
13.65,8,5331.046349
31.6,109,5331.305966
19.35,14,5331.33848
25.05,48,5331.448563
29.7,87,5331.667551
23.75,98,5331.914888
31.05,120,5332.222859
33.3,119,5332.519543
32.8,105,5337.694048
15.35,154,5338.096348
34.7,95,5338.32994
15.3,15,5338.366942
18.25,208,5338.888355
-15.05,134,5339.232198
34.3,87,5339.455967
30.45,148,5339.83412
-43.3,591,5346.301849
6.0,1,5346.304583
27.65,152,5346.70367
13.7,7,5346.723114
-8.3,103,5346.9901
35.1,91,5347.223856
22.15,198,5352.898443
33.9,115,5353.222701
29.9,155,5353.63423
21.3,15,5353.675975
24.35,158,5354.092109
32.55,122,5354.398773
32.95,110,5354.704383
33.25,112,5355.007446
-6.9,87,5355.243894
6.0,1,5355.246727
34.45,108,5355.544678
32.15,122,5360.911318
18.2,37,5361.006214
35.75,66,5361.173474
32.0,141,5361.536469
31.2,145,5361.910197
32.5,119,5362.214643
32.0,129,5362.543773
34.6,105,5362.812935
34.0,101,5363.072379
19.35,230,5368.546964
35.35,94,5368.789122
22.2,185,5369.264803
15.3,15,5369.303402
35.3,87,5369.52265
15.25,16,5369.563019
34.15,102,5369.845412
27.25,160,5370.264719
33.75,114,5370.563065
26.95,138,5375.990995
29.4,137,5376.336392
34.65,80,5376.543202
32.65,124,5376.862204
20.35,34,5376.949276
16.75,26,5377.016867
35.2,97,5377.263746
33.9,111,5377.550559
32.2,137,5377.882348
32.5,139,5378.22175
36.55,66,5378.390865
-2.0,1,5378.393512
-2.25,342,5384.274101
36.5,71,5384.446774
31.05,124,5384.756711
34.45,104,5385.020972
34.35,86,5385.240908
31.15,110,5385.517417
6.55,298,5391.431038
13.8,5,5391.443341
35.5,91,5391.661342
31.95,130,5391.989422
17.2,17,5392.033414
30.45,140,5392.386679
31.0,149,5392.765373
21.15,194,5393.267649
32.7,127,5393.607499
32.8,113,5393.903879
34.7,95,5399.162133
35.05,96,5399.406908
35.2,97,5399.647851
36.0,81,5399.85535
29.9,131,5400.193354
35.75,78,5400.394125
7.0,333,5401.225338
5.0,1,5401.227688
34.5,103,5401.474671
9.65,8,5401.494414
34.7,103,5406.766798
27.15,54,5406.893345
23.8,189,5407.373693
31.9,127,5407.699956
31.25,124,5408.013195
35.15,82,5408.215165
24.2,37,5408.303787
28.85,132,5408.615958
9.85,4,5408.625756
5.95,2,5408.630649
-4.6,53,5408.759686
32.0,109,5409.039496
26.65,156,5414.506151
31.55,50,5414.638517
24.65,152,5415.00274
11.7,7,5415.019458
-6.65,78,5415.217229
36.1,71,5415.400683
32.9,123,5415.717489
32.75,118,5416.018157
31.3,135,5416.346337
33.05,128,5416.672465
33.6,89,5421.806537
-4.75,52,5421.932787
5.0,1,5421.935291
-2.35,8,5421.954855
32.6,117,5422.236685
29.0,121,5422.525453
22.25,36,5422.612867
-2.0,1,5422.615333
13.5,11,5422.642299
32.3,111,5422.914161
20.85,196,5423.37609
19.35,14,5423.408336
28.3,143,5423.76699
31.5,115,5424.058739
5.95,2,5424.063972
16.85,24,5429.054813
32.4,109,5429.337682
11.6,9,5429.360227
17.4,13,5429.390321
29.95,130,5429.703458
-5.25,58,5429.846964
20.9,203,5430.367207
33.65,108,5430.634718
27.15,174,5431.032595
33.85,108,5431.259125
20.2,189,5436.296867
35.15,90,5436.517147
30.8,141,5436.849487
15.2,17,5436.890981
-3.85,38,5436.98716
33.6,113,5437.281927
33.55,102,5437.560182
22.85,200,5438.116452
34.05,112,5438.421345
-5.2,65,5438.588743
34.4,101,5443.711314
25.5,51,5443.842315
29.1,59,5443.993918
13.7,7,5444.01154
9.95,2,5444.016616
28.0,137,5444.361538
13.5,11,5444.389721
33.8,113,5444.678914
6.0,1,5444.681526
35.75,86,5444.895051
34.6,109,5445.166147
17.05,20,5445.214853
29.05,148,5445.605473
22.65,184,5446.131206
34.8,81,5451.713386
28.2,37,5451.814208
21.85,188,5452.323451
30.5,131,5452.649251
24.95,162,5453.006539
33.0,137,5453.350635
34.4,109,5453.635427
5.95,2,5453.641149
31.0,141,5454.028898
-6.5,87,5454.248094
-7.5,75,5459.494467
-37.4,613,5461.013182
35.55,86,5461.233092
36.9,63,5461.391441
36.05,76,5461.587002
32.75,106,5461.857363
35.15,98,5466.975342
19.95,226,5467.470915
36.0,73,5467.639995
30.5,135,5467.96573
11.65,8,5467.98472
34.05,112,5468.250912
30.45,132,5468.559537
28.7,163,5468.955468
29.35,150,5474.144114
34.2,117,5474.43713
35.15,90,5474.739205
34.75,82,5474.943323
34.8,89,5475.153535
26.0,29,5475.221295
34.05,108,5475.478401
32.0,105,5475.718754
34.25,92,5475.929611
31.85,136,5476.260312
36.05,68,5476.422347
32.95,118,5481.368617
34.15,106,5481.631571
29.95,126,5481.957655
32.2,117,5482.269103
36.5,71,5482.463728
32.8,125,5482.804888
23.9,187,5483.288295
34.2,93,5483.528474
-5.2,65,5483.696933
29.55,90,5489.089194
17.4,13,5489.125305
28.7,147,5489.523203
35.85,76,5489.726892
-4.0,41,5489.829548
33.4,89,5490.055806
30.2,133,5490.39961
36.55,70,5490.573827
23.35,166,5491.007207
32.1,135,5491.353146
33.5,111,5491.648951
24.3,167,5497.221307
34.7,107,5497.497146
30.5,147,5497.789464
36.45,72,5497.960241
35.05,92,5498.193651
30.95,138,5498.569408
28.45,144,5498.949047
34.55,98,5499.198023
33.75,110,5504.569571
-4.5,51,5504.69874
31.9,123,5505.014241
34.95,90,5505.236632
11.75,6,5505.251642
32.1,123,5505.559905
13.85,232,5506.163018
34.15,106,5506.444278
34.25,92,5506.679407
34.5,103,5506.941695
32.55,122,5512.098628
34.9,103,5512.335306
-8.25,114,5512.601571
35.6,85,5512.812828
22.1,39,5512.90871
17.2,121,5513.215143
24.0,141,5513.564922
33.0,97,5513.798465
35.6,81,5514.004204
31.3,123,5514.314728
5.0,1,5514.317287
28.85,144,5519.603829
34.6,97,5519.806325
30.65,144,5520.123661
27.55,166,5520.495087
34.65,92,5520.698445
35.1,91,5520.898927
29.55,150,5521.241328
30.5,131,5521.545542
-3.2,17,5521.584918
13.4,13,5521.614941
-6.6,85,5526.601458
17.15,38,5526.696822
32.65,108,5526.970418
34.1,107,5527.246174
5.95,2,5527.251255
32.5,119,5527.557185
20.7,27,5527.626706
31.35,126,5527.952443
22.65,208,5528.516546
17.7,7,5528.534609
29.0,145,5528.915417
30.5,131,5534.163627
31.45,124,5534.45404
-2.0,1,5534.456439
16.9,23,5534.515859
6.0,1,5534.518508
5.95,2,5534.523818
24.7,183,5534.972504
7.9,3,5534.980018
31.85,132,5535.30632
15.45,8,5535.326751
32.2,109,5535.595777
35.05,92,5535.82306
33.55,102,5536.079803
28.55,150,5536.467788
-22.0,369,5542.203172
-180.15,800,5549.107208
31.3,147,5549.471412
27.15,154,5549.851801
34.05,120,5550.146701
31.8,121,5550.455148
33.45,96,5550.696124
35.8,81,5550.89721
31.85,100,5551.142955
3.05,300,5556.701607
33.65,124,5557.016075
35.2,97,5557.272353
36.6,65,5557.434987
35.5,91,5557.667568
30.4,149,5558.040964
24.2,153,5558.4302
27.6,157,5558.827964
32.65,120,5563.962671
25.95,42,5564.072954
20.85,24,5564.135038
-7.75,84,5564.353014
19.1,19,5564.402726
22.55,174,5564.844058
31.65,120,5565.152309
29.25,152,5565.544308
32.3,135,5565.935485
-5.0,49,5566.069102
25.8,165,5571.482757
31.0,113,5571.767422
-2.5,11,5571.794418
28.8,65,5571.962292
34.95,102,5572.217439
26.6,137,5572.559052
-5.5,43,5572.66627
15.5,203,5573.179178
-7.65,82,5573.382561
7.85,4,5573.392391
34.0,113,5573.679894
31.3,127,5579.017491
-7.6,101,5579.258708
-91.7,627,5580.851803
16.95,242,5581.464895
19.45,12,5581.494528
15.0,21,5586.526923
30.95,142,5586.85661
35.35,90,5587.065312
29.55,138,5587.384157
28.7,139,5587.712857
-2.6,13,5587.744121
34.15,110,5588.018681
9.9,3,5588.026944
35.15,94,5588.25783
24.7,195,5588.757005
-7.05,86,5588.98567
29.85,76,5594.063189
28.5,135,5594.41462
26.15,158,5594.830011
25.8,165,5595.270326
34.75,98,5595.512738
6.05,268,5596.219884
35.4,89,5596.452099
35.0,101,5601.606662
30.6,145,5601.970903
-7.75,64,5602.13794
23.8,173,5602.594156
-2.85,18,5602.639172
32.5,127,5602.953664
33.4,125,5603.265088
6.65,312,5608.83039
21.05,212,5609.343358
30.05,148,5609.707711
17.5,215,5610.235163
29.75,146,5610.606262
33.65,128,5610.930344
-2.8,13,5610.961707
29.0,165,5616.163764
35.05,92,5616.385295
35.3,91,5616.60729
7.95,2,5616.612193
33.7,111,5616.885058
35.85,84,5617.093362
-5.8,73,5617.269137
31.6,133,5617.588285
29.7,139,5617.935914
32.5,127,5618.264378
30.15,138,5618.613791
36.2,73,5623.579111
7.85,4,5623.588578
34.45,112,5623.860937
22.5,31,5623.943029
30.7,135,5624.290202
34.4,101,5624.540132
33.0,121,5624.837447
32.0,109,5625.118433
8.0,1,5625.121328
32.75,126,5625.442782
25.15,166,5625.888775
33.85,108,5631.225454
30.95,142,5631.586292
27.75,122,5631.897276
28.8,125,5632.207082
18.05,24,5632.272413
33.55,110,5632.549777
-15.45,406,5633.636294
34.9,99,5638.810436
28.85,156,5639.190541
34.95,102,5639.434652
14.0,257,5640.057919
33.1,107,5640.317329
21.0,21,5640.368354
13.85,4,5640.37828
25.65,128,5640.685858
34.3,87,5640.898005
34.35,106,5641.159564
26.5,175,5646.46457
28.2,173,5646.912211
27.65,160,5647.32244
30.45,128,5647.647761
36.55,70,5647.826668
34.8,101,5648.077502
33.6,109,5648.343658
34.45,96,5648.578924
34.05,104,5653.912753
35.55,86,5654.121239
33.65,96,5654.354248
32.35,118,5654.639494
16.6,257,5655.287079
34.95,78,5655.483996
20.8,217,5656.040725
16.6,253,5661.668444
15.6,229,5662.262711
34.55,106,5662.527286
15.3,15,5662.563981
22.35,82,5662.772044
34.3,111,5663.054507
9.7,7,5663.07293
-24.4,501,5669.203723
33.7,95,5669.428411
31.1,127,5669.749272
-2.85,18,5669.795285
26.55,178,5670.249634
31.6,85,5670.467632
34.6,109,5670.749813
-5.75,56,5670.888342
-5.0,49,5671.014103
-16.35,120,5671.322521
-5.35,68,5676.446323
34.1,107,5676.702616
27.6,161,5677.104093
32.95,138,5677.444598
13.7,7,5677.462129
32.8,129,5677.782584
13.7,7,5677.800475
35.5,87,5678.02454
33.9,115,5678.308424
33.85,96,5678.542704
36.0,81,5678.74442
33.35,126,5683.881891
33.25,104,5684.126579
-7.35,92,5684.349652
5.0,1,5684.35213
34.55,98,5684.600127
12.6,21,5684.653738
9.9,3,5684.661381
-3.6,29,5684.734228
35.0,93,5684.963393
-4.15,36,5685.051837
-7.7,83,5685.262726
30.25,72,5685.442287
36.5,67,5685.612589
27.65,76,5685.817933
31.8,117,5686.129788
34.15,106,5691.33129
35.45,84,5691.546648
34.25,116,5691.840404
7.9,3,5691.848207
-12.35,136,5692.201932
20.55,30,5692.279926
-3.25,26,5692.347049
32.6,125,5692.667182
33.2,125,5692.989131
34.2,97,5693.235073
26.15,190,5693.711326
22.1,39,5698.78087
36.05,80,5698.971087
34.2,105,5699.218261
33.9,119,5699.520289
30.9,115,5699.81107
30.1,151,5700.198616
-5.75,76,5700.39299
36.0,77,5700.588651
34.7,91,5700.818008
34.1,115,5701.109689
20.95,22,5701.163972
33.65,120,5706.467183
-4.7,55,5706.603948
-5.0,57,5706.747107
32.75,102,5707.009118
32.0,109,5707.281382
16.95,22,5707.338243
35.0,93,5707.569516
31.1,103,5707.821978
29.2,137,5708.169832
-2.8,17,5708.213303
31.95,118,5708.508342
22.0,37,5708.603389
13.8,5,5708.616094
32.2,77,5708.811429
15.45,240,5714.298141
24.6,65,5714.457825
34.9,87,5714.66379
35.3,95,5714.885275
32.15,130,5715.179384
35.2,89,5715.37771
32.1,139,5715.686611
35.0,93,5715.891156
-4.75,56,5716.017855
23.85,164,5721.180133
15.15,18,5721.222991
-2.85,18,5721.265357
34.15,106,5721.511899
35.3,91,5721.716891
30.95,142,5722.069084
30.7,135,5722.48066
21.25,40,5722.596543
13.85,208,5723.139291
24.5,31,5723.213399
35.0,85,5723.424598
26.4,201,5728.816437
7.9,3,5728.823284
-5.6,61,5728.970074
23.1,51,5729.096553
16.2,261,5729.738239
23.6,65,5729.898005
27.05,184,5730.343819
5.0,1,5730.346569
34.1,99,5730.596212
34.0,117,5730.885258
35.4,89,5735.817354
35.1,95,5736.052506
35.0,81,5736.249255
33.55,82,5736.467378
29.45,148,5736.844724
29.75,130,5737.164465
30.15,130,5737.483479
32.3,119,5737.782044
30.6,125,5738.098201
33.05,132,5743.349071
17.2,17,5743.390944
32.1,115,5743.681908
6.0,1,5743.684298
35.95,82,5743.888069
34.95,102,5744.163699
16.95,22,5744.223001
-8.15,96,5744.46431
31.75,142,5744.812062
36.7,63,5744.970064
33.9,103,5745.226131
27.7,163,5745.623869
35.1,99,5750.951137
22.2,33,5751.029228
34.8,93,5751.238962
22.8,153,5751.574489
34.25,96,5751.795496
-5.15,292,5752.532594
-2.5,11,5752.560377
32.65,120,5752.861854
30.8,129,5753.170827
33.6,121,5758.087824
34.05,108,5758.358305
11.9,3,5758.366388
35.05,100,5758.643856
32.1,123,5759.011451
15.65,8,5759.034523
35.2,93,5759.288939
6.0,1,5759.291558
31.95,126,5759.613364
35.1,99,5759.862919
32.75,118,5760.160446
25.95,150,5760.539566
18.55,158,5765.721341
20.05,28,5765.793936
35.35,90,5766.022246
31.3,151,5766.385391
33.8,77,5766.585109
35.45,88,5766.811394
31.45,120,5767.129206
22.05,180,5767.640715
5.0,1,5767.644224
29.95,154,5773.381321
8.05,284,5774.092331
34.5,103,5774.358397
23.95,202,5774.885528
-4.8,53,5775.047824
-15.9,147,5775.439699
29.45,160,5775.85232
32.05,116,5781.012673
32.05,136,5781.354853
34.65,108,5781.608302
29.65,144,5781.948055
31.7,115,5782.215695
33.35,118,5782.487665
32.45,120,5782.77247
36.15,78,5782.964652
35.15,94,5783.205411
15.2,17,5783.250972
16.8,217,5788.617382
35.75,86,5788.829908
31.6,125,5789.139555
13.4,13,5789.170374
32.45,120,5789.453733
29.15,134,5789.788847
32.85,112,5790.064133
33.1,123,5790.372922
30.35,142,5795.573314
34.3,95,5795.806233
33.4,109,5796.081354
31.95,130,5796.403954
33.85,100,5796.653762
27.55,50,5796.776924
-7.05,78,5796.972748
20.3,35,5797.057414
-7.5,75,5797.244074
11.75,6,5797.259248
35.15,94,5797.494587
11.75,6,5797.509185
18.5,27,5797.577729
35.5,87,5797.800756
24.4,33,5797.883739
34.3,95,5802.97448
26.5,163,5803.341396
32.35,114,5803.609376
34.05,104,5803.854894
31.55,126,5804.153677
31.9,115,5804.425048
30.3,151,5804.781901
35.15,90,5805.008849
35.35,82,5805.208918
30.3,135,5810.368473
36.8,65,5810.528025
18.85,40,5810.626814
5.0,1,5810.629488
33.75,102,5810.884729
33.1,127,5811.2048
30.95,122,5811.510555
32.95,134,5811.846626
17.6,29,5811.916357
24.25,188,5812.385563
24.2,37,5812.475665
33.6,97,5812.718606
33.95,106,5817.812068
32.15,122,5818.129845
-2.0,1,5818.132443
31.6,109,5818.425652
17.5,11,5818.455477
36.1,75,5818.642586
17.5,11,5818.669832
9.85,4,5818.679852
33.85,108,5818.949179
14.8,221,5819.513728
34.8,85,5819.733787
26.3,175,5820.212009
34.25,108,5825.457312
34.25,116,5825.739083
22.65,184,5826.214934
5.9,3,5826.222734
30.95,150,5826.610567
-5.75,60,5826.765212
31.6,125,5827.086215
33.55,102,5827.349929
35.35,78,5827.559645
-4.2,45,5827.671392
30.2,141,5832.992728
34.45,108,5833.270829
30.85,128,5833.592786
-2.1,3,5833.600455
16.75,26,5833.666797
25.25,156,5834.05732
31.05,60,5834.2049
23.45,192,5834.683208
22.3,179,5835.10333
-9.75,132,5840.319494
27.8,161,5840.693878
34.2,93,5840.91753
28.95,62,5841.065996
29.8,145,5841.416381
5.0,1,5841.418819
18.25,248,5842.021543
34.15,106,5842.275876
29.4,141,5842.626323
33.25,104,5847.66245
28.8,129,5847.992553
32.4,121,5848.318213
35.25,84,5848.539483
30.45,128,5848.866213
5.9,3,5848.873746
9.95,2,5848.878856
33.95,114,5849.161206
28.95,154,5849.531612
9.75,6,5849.546054
34.5,107,5849.806615
34.6,101,5850.058248
26.2,37,5854.916159
-3.35,24,5854.971246
-2.0,1,5854.9736
-3.9,35,5855.057864
24.1,35,5855.145112
28.45,124,5855.453981
30.3,123,5855.763855
-5.35,56,5855.921967
-5.6,57,5856.073905
32.15,138,5856.436169
35.75,78,5856.643952
34.55,102,5856.902373
-5.3,67,5857.09191
-4.9,47,5857.228097
34.65,104,5857.516582
32.9,123,5862.700402
22.1,39,5862.789195
31.75,134,5863.100934
25.5,51,5863.224558
34.8,101,5863.479759
35.95,82,5863.685067
24.6,149,5864.053914
30.3,135,5864.378794
32.45,124,5864.676441
31.65,108,5869.836233
33.05,120,5870.133257
20.25,36,5870.220623
34.15,102,5870.469446
33.1,123,5870.767084
5.95,2,5870.771925
13.6,9,5870.793375
29.15,118,5871.080693
-4.8,53,5871.209632
-2.35,8,5871.228964
34.45,112,5871.500568
20.95,170,5871.917577
34.8,97,5872.149147
28.45,164,5877.439938
34.35,110,5877.71509
15.0,17,5877.757853
31.8,105,5878.015455
33.9,107,5878.257798
26.0,41,5878.350487
29.9,123,5878.633502
11.5,11,5878.657809
22.65,28,5878.721725
-5.35,40,5878.821761
32.4,129,5879.141412
34.65,108,5879.44174
34.0,109,5884.61677
-2.75,16,5884.655936
5.0,1,5884.658461
33.35,98,5884.90127
29.85,116,5885.191225
32.15,130,5885.515997
34.85,88,5885.732532
30.25,152,5886.112894
33.85,112,5886.39826
24.65,176,5886.828983
34.85,84,5887.03684
33.8,93,5892.119075
34.15,110,5892.381806
35.25,92,5892.607699
33.5,107,5892.873243
34.2,117,5893.160659
33.1,103,5893.410281
-9.25,118,5893.752316
34.35,98,5893.999509
31.45,116,5894.289449
33.35,118,5899.320842
35.0,77,5899.504558
32.15,126,5899.803614
-5.05,62,5899.950763
33.75,122,5900.25608
24.8,69,5900.42949
11.7,7,5900.446903
33.8,109,5900.718814
-5.8,77,5900.91065
29.9,135,5901.265009
29.35,130,5901.611458
10.15,14,5901.647481
33.15,106,5906.738154
-6.25,70,5906.913604
32.1,131,5907.237718
32.45,128,5907.556003
34.35,98,5907.798274
33.3,119,5908.079095
34.7,99,5908.335556
22.65,28,5908.407161
-12.4,137,5908.740796
-6.8,93,5908.972112
34.8,105,5914.066545
36.0,77,5914.264713
32.8,125,5914.593204
36.75,58,5914.732205
20.9,23,5914.787442
18.35,34,5914.871057
34.2,105,5915.129912
35.4,93,5915.365524
35.05,100,5915.631284
32.1,123,5915.947764
25.7,175,5916.378509
33.95,102,5916.647202
29.65,148,5921.882756
-2.3,7,5921.899783
17.6,33,5921.979464
-6.8,73,5922.161839
33.75,106,5922.418422
31.8,145,5922.776117
28.35,34,5922.861655
33.75,114,5923.150768
33.65,108,5923.422317
34.4,105,5923.686127
25.5,51,5923.809312
32.3,123,5929.011482
35.25,76,5929.218612
5.9,3,5929.226723
-2.0,1,5929.229357
33.4,129,5929.571195
31.35,126,5929.8944
32.6,125,5930.201328
33.8,101,5930.445361
34.1,115,5930.722576
34.4,113,5930.999946
8.0,1,5931.002558
24.2,29,5931.075591
-2.75,12,5931.105465
27.3,171,5931.528222
30.25,144,5936.608703
11.5,11,5936.635142
33.5,119,5936.926849
6.0,1,5936.929489
27.15,146,5937.298079
23.9,63,5937.451137
17.3,15,5937.488068
-2.0,1,5937.490624
31.35,110,5937.768168
33.95,86,5937.977917
35.35,86,5938.192209
-5.7,39,5938.290188
34.75,98,5938.53785
-9.8,89,5938.76263
30.05,136,5943.852495
34.3,99,5944.100956
34.85,92,5944.327645
34.35,86,5944.539834
33.45,116,5944.830858
35.85,80,5945.027304
30.15,126,5945.343187
25.6,181,5945.788445
9.9,3,5945.795985
34.0,113,5946.090346
36.3,67,5950.975648
25.4,53,5951.111524
34.45,100,5951.382693
31.65,120,5951.69702
15.2,17,5951.74276
17.85,64,5951.90701
29.85,136,5952.255273
28.9,127,5952.56573
33.35,126,5952.885427
26.25,168,5953.302857
24.0,41,5953.406132
27.85,172,5958.614418
32.2,137,5958.961221
32.0,133,5959.293884
-6.75,88,5959.513276
-2.2,5,5959.525993
33.85,124,5959.835741
34.65,108,5960.100252
23.3,167,5960.511064
33.25,108,5960.78028
28.8,53,5965.75234
29.8,153,5966.132559
33.05,88,5966.350212
35.85,84,5966.552341
33.7,103,5966.811727
31.75,110,5967.081744
16.3,247,5967.690184
15.45,12,5967.719908
33.3,103,5967.965999
34.5,95,5972.954844
-4.65,54,5973.097388
31.65,128,5973.445973
15.55,10,5973.472932
32.2,141,5973.866808
31.9,123,5974.212341
34.95,102,5974.493918
26.85,164,5974.949606
-3.25,18,5974.999518
24.3,219,5975.574249
22.7,27,5981.053503
31.45,128,5981.384088
28.55,146,5981.767487
18.45,32,5981.8532
32.8,129,5982.144913
34.15,102,5982.347953
-6.95,92,5982.535117
28.7,139,5982.832018
-7.65,102,5983.059551
33.35,110,5983.323248
35.5,91,5988.487201
32.65,120,5988.764723
32.4,117,5989.046412
9.7,7,5989.063643
34.2,101,5989.313749
30.55,98,5989.557336
31.4,121,5989.878911
34.65,100,5990.132889
31.15,134,5990.471692
-4.7,55,5990.610304
13.25,216,5996.020294
30.9,131,5996.339736
11.85,4,5996.349795
-2.6,9,5996.372243
35.2,93,5996.609241
31.6,109,5996.872111
32.05,124,5997.168784
33.55,122,5997.479945
31.1,139,5997.822415
34.95,94,5998.073143
9.8,5,5998.086571
28.1,155,6003.284024
34.0,109,6003.550053
33.45,120,6003.850617
13.15,14,6003.884098
34.5,87,6004.094591
23.45,52,6004.225459
36.25,76,6004.41764
34.85,92,6004.649008
30.9,115,6004.956029
24.45,176,6005.40407
28.7,63,6005.560284
5.0,1,6005.562805
11.45,12,6005.593086
33.4,113,6010.691052
32.05,132,6011.020004
32.4,125,6011.351986
29.35,122,6011.663757
31.6,137,6012.008465
34.55,94,6012.246717
13.7,7,6012.265683
24.95,130,6012.599526
33.5,127,6012.912378
31.8,117,6017.991383
34.6,101,6018.222218
32.75,110,6018.482746
35.25,88,6018.70183
9.95,2,6018.70687
33.95,106,6018.966198
23.2,173,6019.385505
11.6,9,6019.406882
32.55,126,6019.721063
33.35,118,6020.033908
30.9,131,6020.384652
32.7,135,6025.401854
22.85,60,6025.542084
32.0,121,6025.829616
26.55,158,6026.224985
25.4,49,6026.346979
20.3,183,6026.796724
-5.25,66,6026.967472
7.8,5,6026.980409
-2.0,1,6026.983001
35.3,95,6027.239644
28.7,143,6027.608444
31.1,127,6032.692493
34.55,102,6032.943608
34.25,96,6033.207183
34.2,113,6033.51729
34.2,105,6033.801125
-9.05,110,6034.10748
25.95,170,6034.56974
9.9,3,6034.57827
33.15,126,6034.926857
37.0,61,6035.096143
36.5,71,6040.508923
36.4,73,6040.695764
23.65,172,6041.096177
-4.5,51,6041.209712
24.3,179,6041.624027
33.1,99,6041.861493
17.1,19,6041.908159
13.5,11,6041.935072
-4.55,52,6042.063078
-6.3,67,6042.224104
33.95,102,6042.470426
34.4,109,6042.730432
34.6,105,6047.996686
30.9,123,6048.294465
34.5,103,6048.546556
19.25,204,6049.094097
34.7,99,6049.371684
30.9,139,6049.725632
9.85,4,6049.73598
9.9,3,6049.743512
11.9,3,6049.751076
34.1,103,6050.009634
29.05,60,6050.166714
22.8,173,6055.685942
27.55,50,6055.805992
35.95,78,6055.992918
20.4,205,6056.494454
34.15,110,6056.776626
35.7,79,6056.981673
-2.0,1,6056.984445
32.6,109,6057.263305
20.75,198,6057.790974
15.6,9,6057.813864
20.55,30,6057.888587
27.1,147,6063.240183
36.5,63,6063.40371
9.8,5,6063.416986
7.9,3,6063.424806
33.45,116,6063.719175
32.2,109,6064.034487
35.3,91,6064.274471
31.05,108,6064.569196
9.8,5,6064.583441
34.1,99,6064.850196
32.75,126,6065.172594
31.9,127,6065.501451
33.75,114,6065.80004
7.85,4,6065.810331
33.3,119,6070.975803
36.15,70,6071.158814
33.6,113,6071.45779
34.95,94,6071.705424
8.0,1,6071.708144
32.5,119,6072.018593
20.25,48,6072.139244
24.4,173,6072.591956
25.45,156,6072.971137
-7.75,76,6073.161997
31.05,60,6073.317894
20.1,39,6078.156926
29.6,145,6078.531646
32.75,118,6078.822188
36.15,78,6079.017566
-4.4,49,6079.142661
26.0,181,6079.589716
33.2,113,6079.869821
27.6,169,6080.280665
34.0,113,6080.559072
34.4,97,6085.589492
-4.7,39,6085.686333
35.4,85,6085.894973
32.9,123,6086.202106
33.95,110,6086.474648
29.9,151,6086.836884
32.7,107,6087.095235
35.45,88,6087.314667
5.95,2,6087.319788
34.25,100,6087.584053
34.35,106,6087.859477
35.3,87,6093.338638
-5.5,71,6093.520782
35.3,95,6093.766728
18.65,40,6093.869932
-5.35,60,6094.023072
24.2,57,6094.162663
19.15,18,6094.207428
35.15,90,6094.437736
31.35,146,6094.837666
-4.7,55,6094.98665
28.6,157,6095.389489
35.3,91,6095.631459
-4.45,50,6095.763155
32.95,114,6101.156614
35.75,86,6101.377447
32.25,124,6101.685016
-4.4,41,6101.765579
23.1,207,6102.172
19.4,13,6102.198208
33.8,109,6102.425075
35.15,86,6102.600058
7.9,3,6102.606167
9.85,4,6102.614112
-4.55,40,6102.700347
31.85,120,6102.953156
33.0,105,6103.176473
34.95,90,6108.066586
33.55,102,6108.297354
-2.0,1,6108.299612
13.65,8,6108.31786
20.65,24,6108.373334
-2.0,1,6108.375715
30.45,128,6108.681805
30.75,130,6108.999705
33.45,104,6109.262397
35.4,89,6109.48793
24.5,31,6109.566342
23.2,189,6110.052907
-6.15,56,6110.19276
28.7,155,6115.544293
9.9,3,6115.551431
13.9,231,6116.129385
32.55,122,6116.432734
21.85,160,6116.817397
32.45,108,6117.069347
-8.7,79,6117.265505
5.95,2,6117.27063
35.7,83,6117.478696
12.25,272,6122.877245
11.9,3,6122.885224
24.8,165,6123.307899
32.95,114,6123.59399
34.8,81,6123.80462
34.5,103,6124.079951
32.35,114,6124.383471
33.75,106,6124.659525
34.15,106,6124.92097
5.8,265,6130.468992
25.7,47,6130.586142
34.25,116,6130.872418
35.1,95,6131.098448
34.75,106,6131.359744
5.0,1,6131.362242
22.15,38,6131.459035
32.6,121,6131.760377
-6.95,96,6131.999037
23.0,217,6132.539245
34.95,98,6137.407642
33.75,110,6137.677492
33.25,104,6137.934072
25.65,164,6138.349762
19.85,220,6138.901301
29.65,148,6139.270768
24.3,175,6139.710919
31.25,136,6144.969236
-9.15,84,6145.174362
17.05,20,6145.224106
35.1,83,6145.432158
2.1,259,6146.098758
32.25,132,6146.458095
-19.4,417,6152.438706
33.65,112,6152.698796
14.55,206,6153.210637
2.9,311,6153.994384
33.4,101,6154.243562
32.3,123,6154.550623
-2.35,8,6154.571285
30.45,136,6154.911726
32.8,121,6160.091184
17.25,16,6160.127754
31.85,124,6160.412701
-3.35,24,6160.471987
32.3,103,6160.725857
-2.25,6,6160.741168
34.35,102,6160.997232
32.15,130,6161.317962
32.5,127,6161.634802
34.6,97,6161.876405
28.05,124,6162.184416
26.1,155,6167.529424
5.95,2,6167.534692
31.5,135,6167.879166
31.7,131,6168.216506
31.55,126,6168.527831
27.1,183,6168.990837
23.8,45,6169.106247
33.6,125,6169.425766
27.75,138,6169.777972
7.95,2,6169.783321
33.95,90,6175.091454
24.6,189,6175.583481
5.0,1,6175.586153
35.2,93,6175.840009
35.1,91,6176.080914
17.55,10,6176.106672
31.25,112,6176.392259
27.35,54,6176.543447
34.85,96,6176.792018
-4.95,60,6176.95212
30.85,156,6177.340672
31.65,116,6182.459415
31.65,128,6182.767981
33.95,110,6183.04821
17.6,213,6183.579045
32.1,135,6183.910718
34.95,78,6184.110914
33.85,108,6184.384331
14.25,212,6184.918829
-3.55,32,6185.000996
32.75,106,6190.128505
33.05,104,6190.372277
8.9,11,6190.397869
25.75,46,6190.50776
31.85,112,6190.786821
29.65,156,6191.182183
-7.4,53,6191.317774
-2.1,3,6191.325488
34.2,101,6191.58637
30.75,126,6191.913745
34.95,78,6192.121633
31.7,131,6197.424696
33.3,111,6197.709256
33.7,83,6197.917083
33.95,86,6198.135758
8.0,1,6198.138595
33.55,122,6198.45189
17.85,204,6198.9821
31.2,121,6199.289837
13.25,16,6199.330776
19.05,20,6199.381112
31.7,115,6199.673812
33.75,94,6199.911615
22.35,34,6199.999954
19.1,19,6204.85477
32.7,95,6205.083585
-2.5,11,6205.110005
34.1,107,6205.383145
13.5,11,6205.410706
-8.45,106,6205.663874
11.7,7,6205.679951
-5.15,64,6205.836577
25.7,147,6206.190165
32.7,123,6206.485975
30.2,129,6206.822439
35.0,97,6207.065117
32.75,126,6212.302297
35.05,92,6212.521841
-3.7,35,6212.607898
11.7,7,6212.625076
28.75,146,6212.993789
26.55,170,6213.406095
22.85,164,6213.822309
34.95,98,6214.068887
20.8,25,6214.129842
-4.85,58,6214.276588
13.4,13,6214.308009
22.75,26,6214.370841
30.75,142,6214.727428
5.0,1,6214.729828
34.5,103,6219.865669
33.05,92,6220.09345
34.65,104,6220.360655
-4.45,46,6220.478322
34.5,87,6220.700252
33.65,104,6220.967698
32.6,105,6221.226324
34.95,86,6221.433766
11.65,8,6221.45325
35.1,95,6221.679232
34.4,105,6221.940637
35.8,85,6222.15829
24.25,36,6222.251477
31.9,135,6227.532512
24.95,58,6227.676092
36.15,78,6227.875506
33.95,118,6228.17337
15.7,7,6228.190867
20.15,38,6228.287574
26.0,177,6228.731776
34.35,110,6229.02175
30.45,144,6229.405824
22.2,209,6234.797197
31.8,125,6235.106668
32.5,127,6235.429384
-2.2,5,6235.4431
9.65,8,6235.46467
35.25,92,6235.695581
33.1,107,6235.98582
24.4,53,6236.12397
35.3,87,6236.343755
31.45,124,6236.628375
7.95,2,6236.632998
28.9,159,6236.999469
29.95,130,6241.979363
32.2,109,6242.236459
-4.35,44,6242.340112
27.85,156,6242.719724
34.4,113,6243.001548
14.75,18,6243.0449
34.4,89,6243.256607
34.2,105,6243.495867
33.35,110,6243.767425
9.8,5,6243.780149
32.55,126,6244.097031
37.15,58,6244.239804
-6.6,89,6249.207482
22.35,34,6249.28443
30.05,140,6249.612321
20.0,193,6250.060611
11.65,8,6250.080517
12.05,224,6250.627616
33.6,117,6250.919007
34.1,111,6251.196018
22.85,176,6256.529754
33.05,108,6256.839788
29.55,150,6257.22065
33.9,115,6257.502252
30.95,134,6257.836147
7.85,4,6257.846235
14.15,22,6257.901308
30.5,139,6258.239724
35.15,98,6258.482155
28.9,147,6258.851146
34.85,100,6263.854809
31.65,128,6264.153996
36.75,66,6264.309326
6.35,242,6264.868032
5.95,2,6264.872802
15.2,17,6264.913262
27.55,146,6265.276161
27.05,176,6265.706445
34.75,102,6265.965534
17.5,35,6266.053854
33.65,112,6271.240335
34.2,101,6271.474631
-9.15,100,6271.718378
14.15,230,6272.302182
33.1,127,6272.615678
35.2,93,6272.828378
25.6,193,6273.272979
32.3,131,6273.592151
17.2,257,6279.113674
-2.0,1,6279.115961
29.85,168,6279.506044
11.9,271,6280.129341
5.0,1,6280.131677
34.0,109,6280.391435
32.0,117,6280.679746
15.4,13,6280.710886
34.15,114,6280.985697
9.7,7,6281.003275
32.75,110,6286.222692
28.8,137,6286.621469
30.45,136,6286.995864
11.7,7,6287.015085
32.6,137,6287.408331
22.25,36,6287.507757
32.65,116,6287.825646
36.35,74,6288.019391
35.15,94,6288.256852
34.85,100,6288.500898
31.65,136,6293.712584
33.1,135,6294.067805
7.95,2,6294.073099
34.9,99,6294.321201
34.1,107,6294.588644
25.2,57,6294.727966
25.65,48,6294.847002
31.2,117,6295.137099
24.05,40,6295.229943
31.9,135,6295.565777
-4.05,42,6295.671148
34.0,117,6295.966164
24.0,37,6296.061172
16.25,24,6296.12308
35.3,87,6301.246087
16.85,160,6301.665931
33.5,123,6301.977964
-7.95,88,6302.204777
28.15,182,6302.663623
35.2,93,6302.901311
31.65,128,6303.23669
34.15,102,6303.499975
31.4,137,6308.892375
31.95,134,6309.236387
35.8,85,6309.441493
30.0,161,6309.850251
15.0,21,6309.903794
32.95,110,6310.184245
34.55,98,6310.435753
31.1,131,6310.777572
15.1,19,6310.825876
30.35,142,6311.188138
18.7,27,6311.256954
20.3,223,6316.634289
32.55,110,6316.904204
7.8,5,6316.916792
30.45,128,6317.238992
34.0,105,6317.49394
14.4,193,6317.968211
34.25,92,6318.194429
33.45,116,6318.48068
33.3,127,6323.489472
34.75,90,6323.693712
34.85,96,6323.91383
35.8,85,6324.111204
24.95,210,6324.600864
13.5,79,6324.782491
26.35,122,6325.06509
21.7,47,6325.175019
33.5,111,6325.433609
17.25,16,6325.469836
11.65,8,6325.487841
3.8,341,6331.099622
13.6,9,6331.122415
31.3,123,6331.429071
11.75,6,6331.444178
20.75,206,6331.966215
28.5,175,6332.402128
5.0,1,6332.4047
29.85,144,6332.765561
33.25,92,6332.995634
-2.0,1,6332.998064
33.6,85,6338.140684
11.55,10,6338.165849
-8.7,107,6338.423672
30.45,136,6338.74769
32.3,123,6339.039497
33.2,117,6339.313819
32.0,105,6339.574765
28.05,160,6339.972155
5.95,2,6339.976928
29.3,131,6340.296295
13.3,15,6340.333216
19.5,191,6345.544112
15.65,8,6345.563386
32.95,130,6345.878479
33.05,104,6346.153243
35.45,92,6346.382093
31.95,98,6346.617868
29.75,150,6346.986842
15.4,13,6347.018142
-2.0,1,6347.020525
31.4,125,6347.327312
29.0,133,6347.657925
34.35,110,6352.749771
31.2,129,6353.069093
32.35,110,6353.346773
34.5,107,6353.616764
-5.7,67,6353.780169
33.2,109,6354.052233
28.75,130,6354.378857
20.15,242,6354.979902
-3.3,23,6355.034796
31.9,135,6360.130489
36.1,79,6360.323381
29.1,59,6360.467865
33.8,113,6360.751121
25.6,177,6361.192263
33.3,127,6361.511818
18.3,243,6362.120649
-2.3,7,6362.13834
-6.85,50,6362.263354
18.5,223,6367.590823
22.9,55,6367.720837
37.05,60,6367.866435
33.2,117,6368.157445
34.15,106,6368.418887
33.0,105,6368.684453
30.25,168,6369.099755
33.75,98,6369.350984
27.9,71,6369.557024
33.2,101,6369.832867
32.5,107,6375.106129
9.85,4,6375.115131
33.55,106,6375.364078
7.9,3,6375.371402
21.2,205,6375.844028
33.65,112,6376.104807
30.6,137,6376.434538
34.15,114,6376.704081
33.55,126,6377.011645
33.6,121,6382.099094
15.2,17,6382.141136
19.75,42,6382.246765
-8.6,105,6382.511893
32.3,131,6382.825759
33.85,116,6383.086806
32.95,134,6383.392426
27.7,135,6383.717064
34.4,113,6383.992367
34.3,111,6384.269081
33.05,120,6389.339018
24.55,182,6389.765842
34.8,81,6389.957018
32.5,127,6390.245247
29.35,142,6390.598295
-5.8,45,6390.711842
33.25,132,6391.042577
7.85,4,6391.052588
36.05,76,6391.238937
30.95,130,6391.556573
33.15,102,6391.811136
14.65,292,6397.355591
34.9,103,6397.625119
15.5,215,6398.1736
34.95,98,6398.41038
-6.75,96,6398.649103
29.6,141,6398.987969
34.6,101,6403.970962
34.6,105,6404.231668
31.95,126,6404.54403
23.85,44,6404.652183
33.5,123,6404.953544
34.8,105,6405.218066
33.3,111,6405.497617
5.05,348,6406.44134
31.85,112,6411.498482
29.4,165,6411.914437
31.65,140,6412.265839
32.15,118,6412.562102
33.8,125,6412.875725
35.4,93,6413.101679
33.6,97,6413.348272
20.75,230,6418.63126
23.05,156,6419.0227
32.15,122,6419.32514
-5.5,71,6419.499347
21.25,236,6420.087256
32.8,117,6420.394718
-7.15,92,6420.63863
20.55,30,6420.715582
35.55,90,6420.945069
18.2,205,6426.336346
-4.7,55,6426.473483
5.9,3,6426.480902
34.1,107,6426.744222
24.7,199,6427.220606
35.05,96,6427.448936
-5.6,73,6427.623997
29.05,160,6428.019378
20.0,41,6428.122107
-5.05,58,6428.265823
33.05,128,6433.404118
30.6,137,6433.719109
34.85,100,6433.958053
31.3,131,6434.267847
5.25,320,6435.023531
28.55,150,6435.379478
33.85,120,6435.651044
31.9,143,6440.854639
32.7,115,6441.122662
34.0,121,6441.411349
-3.7,31,6441.487754
18.05,88,6441.704689
-4.3,47,6441.823096
32.8,113,6442.107037
13.45,12,6442.136482
34.7,107,6442.40156
5.0,1,6442.404177
8.0,1,6442.406722
35.9,83,6442.614336
35.25,96,6442.853399
22.65,192,6448.147841
5.9,3,6448.155345
34.05,104,6448.408416
34.65,84,6448.608923
31.7,119,6448.894622
26.05,180,6449.318735
34.8,89,6449.533222
33.1,123,6449.829366
31.85,132,6450.167355
30.2,149,6455.4692
31.7,127,6455.787161
24.45,168,6456.178392
35.1,95,6456.409767
32.9,107,6456.684835
31.0,125,6457.003421
33.2,93,6457.237082
17.35,14,6457.270988
34.5,111,6457.550934
30.45,140,6457.926877
24.15,38,6462.956191
29.8,145,6463.311356
35.8,85,6463.520476
34.6,105,6463.789731
17.0,21,6463.843418
32.05,132,6464.18082
31.65,128,6464.510512
9.9,3,6464.51824
-4.6,49,6464.641112
33.45,124,6464.958258
25.8,45,6465.073252
31.45,148,6465.451254
31.9,139,6470.699035
5.95,2,6470.704442
35.25,96,6470.953367
26.75,66,6471.124443
31.9,135,6471.468095
34.9,99,6471.710369
33.4,117,6472.007211
35.05,80,6472.210838
11.7,7,6472.22908
27.8,165,6472.651505
33.7,111,6472.927772
35.3,83,6478.040701
24.4,209,6478.571402
34.35,94,6478.808126
-5.55,64,6478.969555
29.7,151,6479.361699
33.7,127,6479.691283
29.55,134,6480.032794
20.6,29,6480.105922
35.75,86,6480.328267
32.7,123,6485.604406
33.8,117,6485.883451
33.2,117,6486.168626
34.0,109,6486.442078
23.6,49,6486.563454
35.3,95,6486.808305
25.3,191,6487.303577
32.0,133,6487.646366
15.2,17,6487.690655
20.3,183,6493.38118
35.5,79,6493.575055
32.8,133,6493.893462
34.45,92,6494.113657
-2.8,17,6494.154697
33.9,115,6494.432932
22.95,54,6494.562911
-5.6,73,6494.742928
13.95,250,6495.383147
35.8,77,6495.581725
-7.75,100,6500.860429
32.0,121,6501.175922
6.0,1,6501.178517
30.0,149,6501.558185
35.35,94,6501.797374
18.0,41,6501.903682
33.95,118,6502.194968
33.9,119,6502.488286
34.25,104,6502.758849
-2.0,1,6502.761412
5.95,2,6502.766757
34.9,95,6503.015456
36.15,78,6503.219965
35.85,84,6503.437725
32.35,138,6508.667198
11.7,7,6508.684598
27.6,49,6508.80583
33.6,117,6509.100547
21.2,17,6509.144233
33.6,121,6509.460398
31.9,107,6509.727538
32.25,108,6510.007797
35.25,92,6510.247279
25.0,169,6510.679434
31.85,124,6515.899165
34.95,98,6516.154079
34.55,98,6516.408238
32.2,137,6516.748569
32.45,120,6517.04475
35.3,91,6517.267248
35.1,95,6517.496754
33.3,127,6517.803607
34.0,113,6518.08435
-4.0,41,6518.186963
29.4,149,6523.300969
33.5,115,6523.577534
32.7,119,6523.866572
33.75,98,6524.104402
33.1,115,6524.387147
36.0,81,6524.578454
-2.1,3,6524.585126
29.55,150,6524.95597
26.1,75,6525.139617
-4.25,46,6525.253492
5.9,3,6525.260926
9.85,4,6525.270501
24.35,34,6525.351821
31.6,125,6525.660201
5.9,3,6530.561377
33.5,115,6530.843988
34.9,95,6531.064002
-2.8,17,6531.101447
32.35,114,6531.369103
24.0,177,6531.792331
15.65,8,6531.812688
34.1,107,6532.07511
25.85,172,6532.513232
-3.0,21,6532.568022
33.5,127,6532.89617
